Sport,Year,Sex,Athletes,Bronze,Silver,Gold,No Win,Attempts,Wins
Aeronautics,1936,M,1,0,0,1,0,1,1
Alpine Skiing,1936,F,37,1,1,1,34,37,3
Alpine Skiing,1936,M,66,1,1,1,63,66,3
Alpine Skiing,1948,F,40,3,3,3,84,93,9
Alpine Skiing,1948,M,127,4,3,3,257,267,10
Alpine Skiing,1952,F,52,3,3,3,118,127,9
Alpine Skiing,1952,M,114,3,3,3,242,251,9
Alpine Skiing,1956,F,59,3,3,3,135,144,9
Alpine Skiing,1956,M,124,3,3,3,250,259,9
Alpine Skiing,1960,F,51,3,3,3,120,129,9
Alpine Skiing,1960,M,82,3,3,3,182,191,9
Alpine Skiing,1964,F,55,2,4,3,126,135,9
Alpine Skiing,1964,M,119,3,3,3,267,276,9
Alpine Skiing,1968,F,55,3,3,3,126,135,9
Alpine Skiing,1968,M,136,3,3,3,278,287,9
Alpine Skiing,1972,F,50,3,3,3,116,125,9
Alpine Skiing,1972,M,93,3,3,3,191,200,9
Alpine Skiing,1976,F,56,3,3,3,116,125,9
Alpine Skiing,1976,M,125,3,3,3,256,265,9
Alpine Skiing,1980,F,66,3,3,3,114,123,9
Alpine Skiing,1980,M,108,3,3,3,195,204,9
Alpine Skiing,1984,F,76,3,3,3,122,131,9
Alpine Skiing,1984,M,149,3,3,3,261,270,9
Alpine Skiing,1988,F,95,5,5,5,226,241,15
Alpine Skiing,1988,M,177,5,5,5,412,427,15
Alpine Skiing,1992,F,111,4,6,5,246,261,15
Alpine Skiing,1992,M,210,5,5,5,474,489,15
Alpine Skiing,1994,F,110,5,5,5,231,246,15
Alpine Skiing,1994,M,140,5,5,5,283,298,15
Alpine Skiing,1998,F,108,5,5,5,209,224,15
Alpine Skiing,1998,M,141,4,6,5,238,253,15
Alpine Skiing,2002,F,121,5,5,5,233,248,15
Alpine Skiing,2002,M,157,5,5,5,296,311,15
Alpine Skiing,2006,F,119,5,5,5,252,267,15
Alpine Skiing,2006,M,168,5,5,5,337,352,15
Alpine Skiing,2010,F,133,5,5,5,289,304,15
Alpine Skiing,2010,M,176,5,5,5,366,381,15
Alpine Skiing,2014,F,130,5,4,6,288,303,15
Alpine Skiing,2014,M,184,6,5,5,368,384,16
Alpinism,1924,M,21,0,0,21,0,21,21
Alpinism,1932,M,2,0,0,2,0,2,2
Alpinism,1936,F,1,0,0,1,0,1,1
Alpinism,1936,M,1,0,0,1,0,1,1
Archery,1900,M,23,5,8,7,12,32,20
Archery,1904,F,6,2,2,6,6,16,10
Archery,1904,M,23,6,6,6,36,54,18
Archery,1908,F,25,1,1,1,22,25,3
Archery,1908,M,32,2,2,2,46,52,6
Archery,1920,M,30,10,29,41,6,86,80
Archery,1972,F,40,1,1,1,37,40,3
Archery,1972,M,55,1,1,1,52,55,3
Archery,1976,F,27,1,1,1,24,27,3
Archery,1976,M,37,1,1,1,34,37,3
Archery,1980,F,29,1,1,1,26,29,3
Archery,1980,M,38,1,1,1,35,38,3
Archery,1984,F,47,1,1,1,44,47,3
Archery,1984,M,62,1,1,1,59,62,3
Archery,1988,F,62,4,4,4,95,107,12
Archery,1988,M,84,4,4,4,138,150,12
Archery,1992,F,61,4,4,4,100,112,12
Archery,1992,M,75,4,4,4,123,135,12
Archery,1996,F,64,4,4,4,97,109,12
Archery,1996,M,64,4,4,4,97,109,12
Archery,2000,F,64,4,4,4,88,100,12
Archery,2000,M,64,4,4,4,94,106,12
Archery,2004,F,64,4,4,4,97,109,12
Archery,2004,M,64,4,4,4,91,103,12
Archery,2008,F,64,4,4,4,82,94,12
Archery,2008,M,64,4,4,4,88,100,12
Archery,2012,F,64,4,4,4,88,100,12
Archery,2012,M,64,4,4,4,88,100,12
Archery,2016,F,64,4,4,4,88,100,12
Archery,2016,M,64,4,4,4,88,100,12
Art Competitions,1912,M,33,0,1,6,26,33,7
Art Competitions,1920,F,1,0,1,0,0,1,1
Art Competitions,1920,M,10,3,4,3,0,10,10
Art Competitions,1924,F,21,0,1,0,32,33,1
Art Competitions,1924,M,168,6,5,3,271,285,14
Art Competitions,1928,F,38,2,1,0,52,55,3
Art Competitions,1928,M,332,9,9,9,726,753,27
Art Competitions,1932,F,75,0,2,0,156,158,2
Art Competitions,1932,M,513,6,7,10,943,966,23
Art Competitions,1936,F,31,0,0,0,52,52,0
Art Competitions,1936,M,496,12,13,10,726,761,35
Art Competitions,1948,F,53,3,0,1,74,78,4
Art Competitions,1948,M,277,10,12,7,364,393,29
Athletics,1896,M,63,12,13,12,69,106,37
Athletics,1900,M,119,22,27,27,158,234,76
Athletics,1904,M,116,23,28,28,122,201,79
Athletics,1906,M,233,21,23,21,405,470,65
Athletics,1908,M,431,33,34,34,677,778,101
Athletics,1912,M,534,42,48,53,819,962,143
Athletics,1920,M,509,44,45,44,716,849,133
Athletics,1924,M,659,43,43,43,874,1003,129
Athletics,1928,F,95,8,8,8,105,129,24
Athletics,1928,M,611,28,28,28,779,863,84
Athletics,1932,F,54,9,9,9,53,80,27
Athletics,1932,M,332,29,29,29,355,442,87
Athletics,1936,F,98,9,9,9,107,134,27
Athletics,1936,M,678,29,29,29,786,873,87
Athletics,1948,F,144,12,12,12,200,236,36
Athletics,1948,M,600,30,30,30,724,814,90
Athletics,1952,F,186,12,12,12,262,298,36
Athletics,1952,M,776,30,30,30,954,1044,90
Athletics,1956,F,145,11,13,12,177,213,36
Athletics,1956,M,571,31,31,30,701,793,92
Athletics,1960,F,204,12,14,13,231,270,39
Athletics,1960,M,812,30,30,30,952,1042,90
Athletics,1964,F,236,15,15,15,298,343,45
Athletics,1964,M,782,30,30,30,902,992,90
Athletics,1968,F,243,15,15,15,309,354,45
Athletics,1968,M,785,30,30,30,899,989,90
Athletics,1972,F,369,20,20,20,446,506,60
Athletics,1972,M,958,30,30,30,1085,1175,90
Athletics,1976,F,302,20,20,20,358,418,60
Athletics,1976,M,703,29,29,29,791,878,87
Athletics,1980,F,266,20,20,22,312,374,62
Athletics,1980,M,694,29,31,31,803,894,91
Athletics,1984,F,385,26,24,25,432,507,75
Athletics,1984,M,895,31,31,32,1073,1167,94
Athletics,1988,F,555,25,26,26,661,738,77
Athletics,1988,M,1063,33,33,32,1226,1324,98
Athletics,1992,F,622,25,27,28,679,759,80
Athletics,1992,M,1104,34,31,33,1197,1295,98
Athletics,1996,F,754,28,27,28,812,895,83
Athletics,1996,M,1301,32,33,32,1392,1489,97
Athletics,2000,F,880,31,32,29,939,1031,92
Athletics,2000,M,1257,31,33,34,1339,1437,98
Athletics,2004,F,915,28,30,30,912,1000,88
Athletics,2004,M,1078,30,30,32,1081,1173,92
Athletics,2008,F,973,30,32,30,975,1067,92
Athletics,2008,M,1081,30,32,33,1080,1175,95
Athletics,2012,F,990,30,33,33,1000,1096,96
Athletics,2012,M,1087,32,31,31,1086,1180,94
Athletics,2016,F,1083,30,33,32,1112,1207,95
Athletics,2016,M,1184,32,31,34,1202,1299,97
Badminton,1992,F,83,6,3,3,97,109,12
Badminton,1992,M,91,6,3,3,100,112,12
Badminton,1996,F,95,4,4,4,120,132,12
Badminton,1996,M,96,4,4,4,118,130,12
Badminton,2000,F,85,4,4,4,107,119,12
Badminton,2000,M,86,4,4,4,94,106,12
Badminton,2004,F,81,4,4,4,87,99,12
Badminton,2004,M,88,4,4,4,86,98,12
Badminton,2008,F,83,4,4,4,79,91,12
Badminton,2008,M,85,4,4,4,75,87,12
Badminton,2012,F,83,4,4,4,79,91,12
Badminton,2012,M,85,4,4,4,75,87,12
Badminton,2016,F,85,4,4,4,75,87,12
Badminton,2016,M,85,4,4,4,76,88,12
Baseball,1992,M,160,20,20,20,100,160,60
Baseball,1996,M,160,20,20,20,100,160,60
Baseball,2000,M,192,24,24,24,120,192,72
Baseball,2004,M,191,24,24,24,119,191,72
Baseball,2008,M,191,24,24,24,119,191,72
Basketball,1936,M,199,11,9,14,165,199,34
Basketball,1948,M,287,10,14,14,249,287,38
Basketball,1952,M,294,12,14,14,254,294,40
Basketball,1956,M,159,12,12,12,123,159,36
Basketball,1960,M,192,12,12,12,156,192,36
Basketball,1964,M,189,12,12,12,153,189,36
Basketball,1968,M,191,12,12,12,155,191,36
Basketball,1972,M,190,12,12,12,154,190,36
Basketball,1976,F,72,12,12,12,36,72,36
Basketball,1976,M,141,12,12,12,105,141,36
Basketball,1980,F,72,12,12,12,36,72,36
Basketball,1980,M,143,12,12,12,107,143,36
Basketball,1984,F,71,12,11,12,36,71,35
Basketball,1984,M,142,12,12,12,106,142,36
Basketball,1988,F,93,12,12,12,57,93,36
Basketball,1988,M,143,12,12,12,107,143,36
Basketball,1992,F,94,12,11,12,59,94,35
Basketball,1992,M,142,12,12,12,106,142,36
Basketball,1996,F,143,12,12,12,107,143,36
Basketball,1996,M,141,11,12,12,106,141,35
Basketball,2000,F,142,12,12,11,107,142,35
Basketball,2000,M,144,12,12,12,108,144,36
Basketball,2004,F,143,12,12,12,107,143,36
Basketball,2004,M,144,12,12,12,108,144,36
Basketball,2008,F,143,12,12,12,107,143,36
Basketball,2008,M,144,12,12,12,108,144,36
Basketball,2012,F,143,12,12,12,107,143,36
Basketball,2012,M,144,12,12,12,108,144,36
Basketball,2016,F,140,12,12,12,104,140,36
Basketball,2016,M,141,12,12,12,105,141,36
Basque Pelota,1900,M,2,0,0,2,0,2,2
Beach Volleyball,1996,F,36,2,2,2,30,36,6
Beach Volleyball,1996,M,48,2,2,2,42,48,6
Beach Volleyball,2000,F,48,2,2,2,42,48,6
Beach Volleyball,2000,M,48,2,2,2,42,48,6
Beach Volleyball,2004,F,48,2,2,2,42,48,6
Beach Volleyball,2004,M,48,2,2,2,42,48,6
Beach Volleyball,2008,F,48,2,2,2,42,48,6
Beach Volleyball,2008,M,48,2,2,2,42,48,6
Beach Volleyball,2012,F,48,2,2,2,42,48,6
Beach Volleyball,2012,M,48,2,2,2,42,48,6
Beach Volleyball,2016,F,48,2,2,2,42,48,6
Beach Volleyball,2016,M,48,2,2,2,42,48,6
Biathlon,1960,M,30,1,1,1,27,30,3
Biathlon,1964,M,51,1,1,1,48,51,3
Biathlon,1968,M,72,5,5,5,101,116,15
Biathlon,1972,M,62,5,5,5,91,106,15
Biathlon,1976,M,74,5,5,5,97,112,15
Biathlon,1980,M,76,6,6,6,141,159,18
Biathlon,1984,M,95,6,6,6,177,195,18
Biathlon,1988,M,90,6,6,6,189,207,18
Biathlon,1992,F,80,5,5,5,170,185,15
Biathlon,1992,M,116,6,6,6,254,272,18
Biathlon,1994,F,94,6,6,6,188,206,18
Biathlon,1994,M,99,6,6,6,192,210,18
Biathlon,1998,F,87,6,6,6,178,196,18
Biathlon,1998,M,96,6,6,6,199,217,18
Biathlon,2002,F,88,7,7,7,236,257,21
Biathlon,2002,M,102,7,7,7,286,307,21
Biathlon,2006,F,97,8,8,8,301,325,24
Biathlon,2006,M,107,8,8,8,309,333,24
Biathlon,2010,F,99,8,8,8,317,341,24
Biathlon,2010,M,105,7,9,8,318,342,24
Biathlon,2014,F,99,10,10,10,323,353,30
Biathlon,2014,M,105,10,10,10,343,373,30
Bobsleigh,1924,M,39,5,4,4,26,39,13
Bobsleigh,1928,M,116,5,5,5,101,116,15
Bobsleigh,1932,M,41,6,6,6,34,52,18
Bobsleigh,1936,M,95,6,6,6,100,118,18
Bobsleigh,1948,M,71,6,6,6,74,92,18
Bobsleigh,1952,M,70,6,6,6,78,96,18
Bobsleigh,1956,M,101,6,6,6,117,135,18
Bobsleigh,1964,M,81,6,6,6,99,117,18
Bobsleigh,1968,M,90,6,6,6,102,120,18
Bobsleigh,1972,M,79,6,6,6,96,114,18
Bobsleigh,1976,M,92,6,6,6,115,133,18
Bobsleigh,1980,M,78,6,6,6,90,108,18
Bobsleigh,1984,M,111,6,6,6,134,152,18
Bobsleigh,1988,M,135,6,6,6,168,186,18
Bobsleigh,1992,M,159,6,6,6,198,216,18
Bobsleigh,1994,M,155,6,6,6,189,207,18
Bobsleigh,1998,M,156,10,4,8,182,204,22
Bobsleigh,2002,F,30,2,2,2,24,30,6
Bobsleigh,2002,M,165,6,6,6,192,210,18
Bobsleigh,2006,F,32,2,2,2,26,32,6
Bobsleigh,2006,M,118,6,6,6,141,159,18
Bobsleigh,2010,F,42,2,2,2,36,42,6
Bobsleigh,2010,M,117,6,6,6,139,157,18
Bobsleigh,2014,F,39,2,2,2,33,39,6
Bobsleigh,2014,M,133,6,6,6,166,184,18
Boxing,1904,M,18,4,7,7,6,24,18
Boxing,1908,M,42,5,5,5,27,42,15
Boxing,1920,M,116,8,8,8,92,116,24
Boxing,1924,M,181,8,8,8,157,181,24
Boxing,1928,M,144,8,8,8,120,144,24
Boxing,1932,M,85,8,8,8,61,85,24
Boxing,1936,M,179,8,8,8,155,179,24
Boxing,1948,M,205,8,8,8,181,205,24
Boxing,1952,M,249,20,10,10,209,249,40
Boxing,1956,M,161,20,10,10,121,161,40
Boxing,1960,M,281,20,10,10,241,281,40
Boxing,1964,M,269,20,10,10,229,269,40
Boxing,1968,M,307,22,11,11,263,307,44
Boxing,1972,M,353,22,11,11,309,353,44
Boxing,1976,M,266,22,11,11,222,266,44
Boxing,1980,M,271,22,11,11,227,271,44
Boxing,1984,M,354,24,12,12,306,354,48
Boxing,1988,M,432,24,12,12,384,432,48
Boxing,1992,M,336,24,12,12,288,336,48
Boxing,1996,M,355,24,12,12,307,355,48
Boxing,2000,M,307,24,12,12,259,307,48
Boxing,2004,M,280,22,11,11,236,280,44
Boxing,2008,M,283,22,11,11,239,283,44
Boxing,2012,F,36,6,3,3,24,36,12
Boxing,2012,M,247,20,10,10,207,247,40
Boxing,2016,F,36,6,3,3,24,36,12
Boxing,2016,M,247,20,9,10,208,247,39
Canoeing,1936,M,119,14,14,14,101,143,42
Canoeing,1948,F,10,1,1,1,7,10,3
Canoeing,1948,M,100,12,12,12,93,129,36
Canoeing,1952,F,13,1,1,1,10,13,3
Canoeing,1952,M,146,12,12,12,135,171,36
Canoeing,1956,F,10,1,1,1,7,10,3
Canoeing,1956,M,103,12,12,12,100,136,36
Canoeing,1960,F,28,3,3,3,26,35,9
Canoeing,1960,M,145,10,10,10,146,176,30
Canoeing,1964,F,27,3,3,3,24,33,9
Canoeing,1964,M,118,10,10,10,104,134,30
Canoeing,1968,F,29,3,3,3,26,35,9
Canoeing,1968,M,155,10,10,10,138,168,30
Canoeing,1972,F,56,4,4,4,49,61,12
Canoeing,1972,M,274,14,14,14,256,298,42
Canoeing,1976,F,39,3,3,3,34,43,9
Canoeing,1976,M,206,16,16,16,249,297,48
Canoeing,1980,F,32,3,3,3,26,35,9
Canoeing,1980,M,148,16,16,16,170,218,48
Canoeing,1984,F,37,7,7,7,38,59,21
Canoeing,1984,M,158,16,16,16,192,240,48
Canoeing,1988,F,64,7,7,7,76,97,21
Canoeing,1988,M,211,16,16,16,243,291,48
Canoeing,1992,F,105,8,8,8,118,142,24
Canoeing,1992,M,335,20,20,20,385,445,60
Canoeing,1996,F,121,8,8,8,133,157,24
Canoeing,1996,M,330,20,20,20,358,418,60
Canoeing,2000,F,81,8,8,8,79,103,24
Canoeing,2000,M,249,20,20,20,285,345,60
Canoeing,2004,F,94,8,8,8,88,112,24
Canoeing,2004,M,234,20,20,20,262,322,60
Canoeing,2008,F,95,8,8,8,96,120,24
Canoeing,2008,M,235,20,20,20,256,316,60
Canoeing,2012,F,110,9,9,9,124,151,27
Canoeing,2012,M,221,18,18,18,211,265,54
Canoeing,2016,F,112,9,9,9,135,162,27
Canoeing,2016,M,218,19,18,18,224,279,55
Cricket,1900,M,24,0,12,12,0,24,24
Croquet,1900,F,3,0,0,0,6,6,0
Croquet,1900,M,7,2,2,4,5,13,8
Cross Country Skiing,1924,M,59,2,2,2,68,74,6
Cross Country Skiing,1928,M,74,2,2,2,84,90,6
Cross Country Skiing,1932,M,58,2,2,2,68,74,6
Cross Country Skiing,1936,M,109,6,6,6,157,175,18
Cross Country Skiing,1948,M,106,6,6,6,138,156,18
Cross Country Skiing,1952,F,20,1,1,1,17,20,3
Cross Country Skiing,1952,M,118,6,6,6,150,168,18
Cross Country Skiing,1956,F,41,4,4,4,58,70,12
Cross Country Skiing,1956,M,109,7,7,7,184,205,21
Cross Country Skiing,1960,F,24,4,4,4,27,39,12
Cross Country Skiing,1960,M,88,7,7,7,156,177,21
Cross Country Skiing,1964,F,38,5,5,5,76,91,15
Cross Country Skiing,1964,M,113,7,7,7,220,241,21
Cross Country Skiing,1968,F,37,5,5,5,77,92,15
Cross Country Skiing,1968,M,110,7,7,7,231,252,21
Cross Country Skiing,1972,F,48,5,5,5,103,118,15
Cross Country Skiing,1972,M,104,7,7,7,196,217,21
Cross Country Skiing,1976,F,51,6,6,6,106,124,18
Cross Country Skiing,1976,M,113,7,7,7,250,271,21
Cross Country Skiing,1980,F,45,6,6,6,90,108,18
Cross Country Skiing,1980,M,85,7,6,7,181,201,20
Cross Country Skiing,1984,F,65,7,7,7,171,192,21
Cross Country Skiing,1984,M,114,7,7,7,264,285,21
Cross Country Skiing,1988,F,77,7,7,7,189,210,21
Cross Country Skiing,1988,M,121,7,7,7,297,318,21
Cross Country Skiing,1992,F,84,8,8,8,258,282,24
Cross Country Skiing,1992,M,139,8,7,5,415,435,20
Cross Country Skiing,1994,F,80,8,8,8,256,280,24
Cross Country Skiing,1994,M,117,8,6,6,339,359,20
Cross Country Skiing,1998,F,102,8,8,8,316,340,24
Cross Country Skiing,1998,M,125,8,7,5,373,393,20
Cross Country Skiing,2002,F,107,9,9,9,327,354,27
Cross Country Skiing,2002,M,153,9,8,10,393,420,27
Cross Country Skiing,2006,F,124,10,10,10,336,366,30
Cross Country Skiing,2006,M,183,10,10,10,416,446,30
Cross Country Skiing,2010,F,129,10,10,10,321,351,30
Cross Country Skiing,2010,M,163,10,10,10,344,374,30
Cross Country Skiing,2014,F,125,10,10,10,318,348,30
Cross Country Skiing,2014,M,173,10,10,10,387,417,30
Curling,1924,M,16,4,8,4,0,16,16
Curling,1998,F,40,5,5,5,25,40,15
Curling,1998,M,40,5,5,5,25,40,15
Curling,2002,F,47,5,5,5,32,47,15
Curling,2002,M,49,5,5,5,34,49,15
Curling,2006,F,46,5,4,4,33,46,13
Curling,2006,M,45,4,4,5,32,45,13
Curling,2010,F,46,4,5,4,33,46,13
Curling,2010,M,47,4,4,5,34,47,13
Curling,2014,F,43,4,4,4,31,43,12
Curling,2014,M,44,4,4,4,32,44,12
Cycling,1896,M,19,4,6,6,25,41,16
Cycling,1900,M,72,3,3,3,83,92,9
Cycling,1904,M,18,7,7,7,40,61,21
Cycling,1906,M,45,7,7,7,117,138,21
Cycling,1908,M,97,10,10,10,239,269,30
Cycling,1912,M,123,10,13,13,206,242,36
Cycling,1920,M,103,13,13,13,173,212,39
Cycling,1924,M,139,13,13,13,210,249,39
Cycling,1928,M,149,13,14,13,187,227,40
Cycling,1932,M,66,12,12,12,73,109,36
Cycling,1936,M,175,13,13,13,262,301,39
Cycling,1948,M,188,13,13,13,281,320,39
Cycling,1952,M,215,13,13,13,350,389,39
Cycling,1956,M,161,13,13,14,252,292,40
Cycling,1960,M,297,13,13,13,384,423,39
Cycling,1964,M,303,14,14,14,409,451,42
Cycling,1968,M,329,15,15,15,438,483,45
Cycling,1972,M,359,9,14,15,488,526,38
Cycling,1976,M,295,12,12,12,356,392,36
Cycling,1980,M,230,12,12,13,270,307,37
Cycling,1984,F,45,1,1,1,42,45,3
Cycling,1984,M,314,13,14,13,390,430,40
Cycling,1988,F,64,2,2,2,59,65,6
Cycling,1988,M,358,14,14,14,411,453,42
Cycling,1992,F,75,3,3,3,77,86,9
Cycling,1992,M,376,14,13,14,439,480,41
Cycling,1996,F,111,6,6,6,142,160,18
Cycling,1996,M,366,12,11,11,390,424,34
Cycling,2000,F,121,7,7,7,147,168,21
Cycling,2000,M,341,17,17,18,401,453,52
Cycling,2004,F,130,7,7,7,156,177,21
Cycling,2004,M,334,17,19,19,391,446,55
Cycling,2008,F,147,7,7,7,163,184,21
Cycling,2008,M,361,18,19,17,414,468,54
Cycling,2012,F,180,12,13,12,205,242,37
Cycling,2012,M,321,16,14,14,343,387,44
Cycling,2016,F,192,14,13,13,227,267,40
Cycling,2016,M,321,15,15,14,356,400,44
Diving,1904,M,5,1,1,1,2,5,3
Diving,1906,M,24,1,1,1,21,24,3
Diving,1908,M,39,3,2,2,40,47,7
Diving,1912,F,14,1,1,1,11,14,3
Diving,1912,M,43,3,3,3,63,72,9
Diving,1920,F,18,2,2,2,13,19,6
Diving,1920,M,35,3,3,3,42,51,9
Diving,1924,F,26,2,2,2,22,28,6
Diving,1924,M,45,3,3,3,53,62,9
Diving,1928,F,23,2,2,2,21,27,6
Diving,1928,M,38,2,2,2,41,47,6
Diving,1932,F,11,2,2,2,9,15,6
Diving,1932,M,17,2,2,2,15,21,6
Diving,1936,F,30,2,2,2,32,38,6
Diving,1936,M,39,2,2,2,44,50,6
Diving,1948,F,24,2,2,2,26,32,6
Diving,1948,M,39,2,2,2,46,52,6
Diving,1952,F,25,2,2,2,24,30,6
Diving,1952,M,51,2,2,2,61,67,6
Diving,1956,F,27,2,2,2,30,36,6
Diving,1956,M,33,2,2,2,40,46,6
Diving,1960,F,26,2,2,2,30,36,6
Diving,1960,M,49,2,2,2,54,60,6
Diving,1964,F,34,2,2,2,39,45,6
Diving,1964,M,46,2,2,2,51,57,6
Diving,1968,F,36,2,2,2,40,46,6
Diving,1968,M,45,2,2,2,57,63,6
Diving,1972,F,41,2,2,2,51,57,6
Diving,1972,M,50,2,2,2,61,67,6
Diving,1976,F,39,2,2,2,46,52,6
Diving,1976,M,41,2,2,2,47,53,6
Diving,1980,F,33,2,2,2,35,41,6
Diving,1980,M,34,2,2,2,41,47,6
Diving,1984,F,35,2,2,2,39,45,6
Diving,1984,M,45,2,2,2,50,56,6
Diving,1988,F,40,2,2,2,41,47,6
Diving,1988,M,49,2,2,2,55,61,6
Diving,1992,F,54,2,2,2,51,57,6
Diving,1992,M,46,2,2,2,49,55,6
Diving,1996,F,56,2,2,2,57,63,6
Diving,1996,M,66,2,2,2,70,76,6
Diving,2000,F,77,6,6,6,97,115,18
Diving,2000,M,80,6,6,6,105,123,18
Diving,2004,F,65,6,6,6,81,99,18
Diving,2004,M,64,6,6,6,79,97,18
Diving,2008,F,73,6,6,6,73,91,18
Diving,2008,M,67,6,6,6,73,91,18
Diving,2012,F,68,6,6,6,70,88,18
Diving,2012,M,68,6,6,6,75,93,18
Diving,2016,F,68,6,6,6,71,89,18
Diving,2016,M,68,6,6,6,71,89,18
Equestrianism,1900,F,2,0,0,0,2,2,0
Equestrianism,1900,M,56,5,4,6,62,77,15
Equestrianism,1912,M,62,11,11,11,95,128,33
Equestrianism,1920,M,89,14,14,14,90,132,42
Equestrianism,1924,M,97,11,11,11,161,194,33
Equestrianism,1928,M,113,12,12,12,196,232,36
Equestrianism,1932,M,31,6,9,9,41,65,24
Equestrianism,1936,M,127,12,12,12,220,256,36
Equestrianism,1948,M,103,12,12,12,171,207,36
Equestrianism,1952,F,4,1,1,0,4,6,2
Equestrianism,1952,M,130,11,11,12,223,257,34
Equestrianism,1956,F,13,2,4,0,17,23,6
Equestrianism,1956,M,145,10,8,12,245,275,30
Equestrianism,1960,F,8,0,0,0,9,9,0
Equestrianism,1960,M,151,10,10,10,237,267,30
Equestrianism,1964,F,13,0,3,0,20,23,3
Equestrianism,1964,M,103,13,10,13,165,201,36
Equestrianism,1968,F,22,1,3,2,36,42,6
Equestrianism,1968,M,103,12,10,11,158,191,33
Equestrianism,1972,F,31,3,5,4,45,57,12
Equestrianism,1972,M,148,11,9,10,239,269,30
Equestrianism,1976,F,24,3,2,3,37,45,8
Equestrianism,1976,M,111,11,12,11,167,201,34
Equestrianism,1980,F,9,1,2,2,10,15,5
Equestrianism,1980,M,59,13,12,12,70,107,37
Equestrianism,1984,F,47,6,7,4,71,88,17
Equestrianism,1984,M,110,8,7,10,168,193,25
Equestrianism,1988,F,54,8,6,4,81,99,18
Equestrianism,1988,M,128,7,9,11,198,225,27
Equestrianism,1992,F,67,2,6,5,110,123,13
Equestrianism,1992,M,148,13,9,10,249,281,32
Equestrianism,1996,F,66,4,9,5,84,102,18
Equestrianism,1996,M,153,11,6,10,214,241,27
Equestrianism,2000,F,67,6,7,5,82,100,18
Equestrianism,2000,M,128,9,8,10,168,195,27
Equestrianism,2004,F,66,7,7,4,100,118,18
Equestrianism,2004,M,137,8,9,12,224,253,29
Equestrianism,2008,F,73,10,8,7,106,131,25
Equestrianism,2008,M,120,5,7,8,189,209,20
Equestrianism,2012,F,77,6,9,5,112,132,20
Equestrianism,2012,M,122,9,6,10,193,218,25
Equestrianism,2016,F,75,5,8,5,113,131,18
Equestrianism,2016,M,125,10,7,10,197,224,27
Fencing,1896,M,15,3,3,3,6,15,9
Fencing,1900,M,260,7,7,7,296,317,21
Fencing,1904,M,11,4,7,7,10,28,18
Fencing,1906,M,62,13,14,14,120,161,41
Fencing,1908,M,131,14,13,14,199,240,41
Fencing,1912,M,185,14,16,17,332,379,47
Fencing,1920,M,149,22,22,28,278,350,72
Fencing,1924,F,25,1,1,1,22,25,3
Fencing,1924,M,215,20,23,26,330,399,69
Fencing,1928,F,27,1,1,1,24,27,3
Fencing,1928,M,232,20,21,21,341,403,62
Fencing,1932,F,17,1,1,1,14,17,3
Fencing,1932,M,91,21,20,21,113,175,62
Fencing,1936,F,41,1,1,1,38,41,3
Fencing,1936,M,270,21,21,21,452,515,63
Fencing,1948,F,39,1,1,1,36,39,3
Fencing,1948,M,255,21,21,21,406,469,63
Fencing,1952,F,37,1,1,1,34,37,3
Fencing,1952,M,249,21,21,21,409,472,63
Fencing,1956,F,23,1,1,1,20,23,3
Fencing,1956,M,142,19,21,21,194,255,61
Fencing,1960,F,78,6,6,7,94,113,19
Fencing,1960,M,266,17,20,20,431,488,57
Fencing,1964,F,56,5,6,6,69,86,17
Fencing,1964,M,203,18,18,18,341,395,54
Fencing,1968,F,58,6,6,6,70,88,18
Fencing,1968,M,217,18,18,18,348,402,54
Fencing,1972,F,65,5,6,6,80,97,17
Fencing,1972,M,234,18,18,18,348,402,54
Fencing,1976,F,70,6,6,6,91,109,18
Fencing,1976,M,211,18,18,18,322,376,54
Fencing,1980,F,51,6,6,6,60,78,18
Fencing,1980,M,136,17,18,18,190,243,53
Fencing,1984,F,60,6,6,6,72,90,18
Fencing,1984,M,202,18,18,18,280,334,54
Fencing,1988,F,69,6,6,6,87,105,18
Fencing,1988,M,248,18,18,18,347,401,54
Fencing,1992,F,71,6,6,6,88,106,18
Fencing,1992,M,232,18,18,18,294,348,54
Fencing,1996,F,88,8,8,8,130,154,24
Fencing,1996,M,136,12,13,12,197,234,37
Fencing,2000,F,83,8,9,9,108,134,26
Fencing,2000,M,134,13,13,14,175,215,40
Fencing,2004,F,93,7,6,7,99,119,20
Fencing,2004,M,129,14,14,13,163,204,41
Fencing,2008,F,116,10,10,11,133,164,31
Fencing,2008,M,118,11,11,9,137,168,31
Fencing,2012,F,123,11,11,11,141,174,33
Fencing,2012,M,121,11,11,11,138,171,33
Fencing,2016,F,124,11,11,11,141,174,33
Fencing,2016,M,121,11,11,10,140,172,32
Figure Skating,1908,F,7,2,2,2,2,8,6
Figure Skating,1908,M,14,3,3,3,6,15,9
Figure Skating,1920,F,12,2,2,2,8,14,6
Figure Skating,1920,M,14,2,2,2,11,17,6
Figure Skating,1924,F,13,2,2,2,11,17,6
Figure Skating,1924,M,16,2,2,2,14,20,6
Figure Skating,1928,F,28,2,2,2,27,33,6
Figure Skating,1928,M,23,2,2,2,24,30,6
Figure Skating,1932,F,21,2,2,2,16,22,6
Figure Skating,1932,M,18,2,2,2,13,19,6
Figure Skating,1936,F,43,2,2,2,38,44,6
Figure Skating,1936,M,41,2,2,2,37,43,6
Figure Skating,1948,F,37,2,2,2,34,40,6
Figure Skating,1948,M,27,2,2,2,25,31,6
Figure Skating,1952,F,37,2,2,2,32,38,6
Figure Skating,1952,M,26,2,2,2,21,27,6
Figure Skating,1956,F,32,2,2,2,26,32,6
Figure Skating,1956,M,27,2,2,2,21,27,6
Figure Skating,1960,F,39,2,2,2,33,39,6
Figure Skating,1960,M,32,2,2,2,26,32,6
Figure Skating,1964,F,47,2,3,2,40,47,7
Figure Skating,1964,M,41,2,3,2,34,41,7
Figure Skating,1968,F,50,2,2,2,44,50,6
Figure Skating,1968,M,46,2,2,2,40,46,6
Figure Skating,1972,F,35,2,2,2,29,35,6
Figure Skating,1972,M,32,2,2,2,27,33,6
Figure Skating,1976,F,53,3,3,3,44,53,9
Figure Skating,1976,M,52,3,3,3,43,52,9
Figure Skating,1980,F,44,3,3,3,36,45,9
Figure Skating,1980,M,40,3,3,3,31,40,9
Figure Skating,1984,F,57,3,3,3,48,57,9
Figure Skating,1984,M,57,3,3,3,48,57,9
Figure Skating,1988,F,66,3,3,3,57,66,9
Figure Skating,1988,M,63,3,3,3,54,63,9
Figure Skating,1992,F,66,3,3,3,57,66,9
Figure Skating,1992,M,67,3,3,3,58,67,9
Figure Skating,1994,F,66,3,3,3,57,66,9
Figure Skating,1994,M,63,3,3,3,55,64,9
Figure Skating,1998,F,72,3,3,3,63,72,9
Figure Skating,1998,M,73,3,3,3,64,73,9
Figure Skating,2002,F,71,3,2,4,62,71,9
Figure Skating,2002,M,72,3,2,4,63,72,9
Figure Skating,2006,F,73,3,3,3,64,73,9
Figure Skating,2006,M,74,3,3,3,65,74,9
Figure Skating,2010,F,73,3,3,3,64,73,9
Figure Skating,2010,M,73,3,3,3,64,73,9
Figure Skating,2014,F,74,7,7,8,89,111,22
Figure Skating,2014,M,75,7,8,8,87,110,23
Football,1900,M,35,11,13,11,0,35,35
Football,1904,M,36,12,11,13,0,36,36
Football,1906,M,45,11,11,12,11,45,34
Football,1908,M,72,12,13,11,36,72,36
Football,1912,M,163,15,15,14,119,163,44
Football,1920,M,190,14,18,14,144,190,46
Football,1924,M,279,18,15,14,232,279,47
Football,1928,M,219,17,16,17,169,219,50
Football,1936,M,201,14,13,14,160,201,41
Football,1948,M,218,13,15,12,178,218,40
Football,1952,M,294,12,11,15,256,294,38
Football,1956,M,143,14,14,18,97,143,46
Football,1960,M,235,16,12,16,191,235,44
Football,1964,M,214,19,17,14,164,214,50
Football,1968,M,273,16,18,17,222,273,51
Football,1972,M,269,36,17,17,199,269,70
Football,1976,M,202,15,17,17,153,202,49
Football,1980,M,256,17,17,16,206,256,50
Football,1984,M,246,17,16,16,197,246,49
Football,1988,M,270,18,16,18,218,270,52
Football,1992,M,272,20,16,17,219,272,53
Football,1996,F,124,16,15,15,78,124,46
Football,1996,M,264,17,18,16,213,264,51
Football,2000,F,124,17,13,17,77,124,47
Football,2000,M,267,17,17,18,215,267,52
Football,2004,F,166,17,17,17,115,166,51
Football,2004,M,259,17,17,16,209,259,50
Football,2008,F,195,16,18,17,144,195,51
Football,2008,M,274,17,16,18,223,274,51
Football,2012,F,200,18,18,17,147,200,53
Football,2012,M,267,18,18,16,215,267,52
Football,2016,F,203,18,18,18,149,203,54
Football,2016,M,270,18,17,17,218,270,52
Freestyle Skiing,1992,F,24,1,1,1,21,24,3
Freestyle Skiing,1992,M,47,1,1,1,44,47,3
Freestyle Skiing,1994,F,45,2,2,2,40,46,6
Freestyle Skiing,1994,M,52,2,2,2,47,53,6
Freestyle Skiing,1998,F,52,2,2,2,46,52,6
Freestyle Skiing,1998,M,58,2,2,2,52,58,6
Freestyle Skiing,2002,F,50,2,2,2,44,50,6
Freestyle Skiing,2002,M,55,2,2,2,49,55,6
Freestyle Skiing,2006,F,53,2,2,2,47,53,6
Freestyle Skiing,2006,M,63,2,2,2,57,63,6
Freestyle Skiing,2010,F,85,3,3,3,76,85,9
Freestyle Skiing,2010,M,87,3,3,3,78,87,9
Freestyle Skiing,2014,F,123,5,5,5,108,123,15
Freestyle Skiing,2014,M,139,5,5,5,126,141,15
Golf,1900,F,10,1,1,1,7,10,3
Golf,1900,M,12,1,1,1,9,12,3
Golf,1904,M,77,12,11,11,71,105,34
Golf,2016,F,60,1,1,1,57,60,3
Golf,2016,M,60,1,1,1,57,60,3
Gymnastics,1896,M,28,5,6,26,60,97,37
Gymnastics,1900,M,135,1,1,1,132,135,3
Gymnastics,1904,M,121,17,15,19,407,458,51
Gymnastics,1906,M,104,12,21,23,100,156,56
Gymnastics,1908,M,325,27,31,39,252,349,97
Gymnastics,1912,M,249,66,65,67,112,310,198
Gymnastics,1920,M,249,51,75,72,65,263,198
Gymnastics,1924,M,72,16,17,16,589,638,49
Gymnastics,1928,F,56,12,12,10,22,56,34
Gymnastics,1928,M,88,14,14,14,566,608,42
Gymnastics,1932,M,46,15,15,15,102,147,45
Gymnastics,1936,F,64,8,8,8,40,64,24
Gymnastics,1936,M,111,16,15,15,837,883,46
Gymnastics,1948,F,88,8,8,8,64,88,24
Gymnastics,1948,M,123,17,14,17,924,972,48
Gymnastics,1952,F,134,21,21,21,863,926,63
Gymnastics,1952,M,185,14,18,15,1418,1465,47
Gymnastics,1956,F,65,23,17,18,372,430,58
Gymnastics,1956,M,63,14,14,14,441,483,42
Gymnastics,1960,F,124,11,11,11,689,722,33
Gymnastics,1960,M,130,14,11,15,984,1024,40
Gymnastics,1964,F,83,10,12,11,441,474,33
Gymnastics,1964,M,130,11,16,13,970,1010,40
Gymnastics,1968,F,101,11,10,12,554,587,33
Gymnastics,1968,M,117,13,12,14,870,909,39
Gymnastics,1972,F,118,10,12,11,671,704,33
Gymnastics,1972,M,113,13,13,13,841,880,39
Gymnastics,1976,F,86,10,12,11,469,502,33
Gymnastics,1976,M,90,15,13,13,661,702,41
Gymnastics,1980,F,62,13,11,12,322,358,36
Gymnastics,1980,M,65,13,13,13,469,508,39
Gymnastics,1984,F,65,11,9,13,346,379,33
Gymnastics,1984,M,71,13,14,15,509,551,42
Gymnastics,1988,F,90,12,11,11,488,522,34
Gymnastics,1988,M,89,14,10,17,654,695,41
Gymnastics,1992,F,92,12,11,12,497,532,35
Gymnastics,1992,M,93,14,14,14,681,723,42
Gymnastics,1996,F,105,11,13,12,540,576,36
Gymnastics,1996,M,111,15,15,14,777,821,44
Gymnastics,2000,F,97,11,11,11,469,502,33
Gymnastics,2000,M,97,13,13,13,603,642,39
Gymnastics,2004,F,98,11,11,11,474,507,33
Gymnastics,2004,M,98,13,13,13,605,644,39
Gymnastics,2008,F,98,11,11,11,402,435,33
Gymnastics,2008,M,98,13,13,13,522,561,39
Gymnastics,2012,F,96,10,10,10,348,378,30
Gymnastics,2012,M,98,12,12,12,430,466,36
Gymnastics,2016,F,98,10,10,10,353,383,30
Gymnastics,2016,M,98,12,12,12,442,478,36
Handball,1936,M,105,17,22,22,44,105,61
Handball,1972,M,243,15,16,14,198,243,45
Handball,1976,F,82,14,14,14,40,82,42
Handball,1976,M,161,14,14,14,119,161,42
Handball,1980,F,82,14,14,13,41,82,41
Handball,1980,M,166,14,14,14,124,166,42
Handball,1984,F,82,13,13,15,41,82,41
Handball,1984,M,177,15,15,14,133,177,44
Handball,1988,F,111,15,14,12,70,111,41
Handball,1988,M,170,15,13,14,128,170,42
Handball,1992,F,113,13,14,13,73,113,40
Handball,1992,M,179,16,16,12,135,179,44
Handball,1996,F,118,16,16,15,71,118,47
Handball,1996,M,182,16,16,16,134,182,48
Handball,2000,F,146,15,15,15,101,146,45
Handball,2000,M,177,15,15,15,132,177,45
Handball,2004,F,149,15,15,15,104,149,45
Handball,2004,M,179,14,15,15,135,179,44
Handball,2008,F,171,14,14,14,129,171,42
Handball,2008,M,172,14,14,15,129,172,43
Handball,2012,F,171,15,14,14,128,171,43
Handball,2012,M,176,15,14,15,132,176,44
Handball,2016,F,176,14,16,15,131,176,45
Handball,2016,M,177,15,15,14,133,177,44
Hockey,1908,M,68,22,12,11,23,68,45
Hockey,1920,M,51,14,12,14,11,51,40
Hockey,1928,M,137,19,11,14,93,137,44
Hockey,1932,M,40,14,11,15,0,40,40
Hockey,1936,M,167,12,22,19,114,167,53
Hockey,1948,M,187,12,12,20,143,187,44
Hockey,1952,M,157,13,11,14,119,157,38
Hockey,1956,M,156,11,14,17,114,156,42
Hockey,1960,M,236,14,13,13,196,236,40
Hockey,1964,M,226,14,16,15,181,226,45
Hockey,1968,M,253,16,14,13,210,253,43
Hockey,1972,M,263,14,15,18,216,263,47
Hockey,1976,M,172,16,15,14,127,172,45
Hockey,1980,F,91,16,16,15,44,91,47
Hockey,1980,M,96,16,16,16,48,96,48
Hockey,1984,F,96,16,16,16,48,96,48
Hockey,1984,M,190,15,16,16,143,190,47
Hockey,1988,F,124,16,16,16,76,124,48
Hockey,1988,M,190,16,16,16,142,190,48
Hockey,1992,F,125,16,16,15,78,125,47
Hockey,1992,M,189,16,16,16,141,189,48
Hockey,1996,F,128,16,16,16,80,128,48
Hockey,1996,M,192,16,16,16,144,192,48
Hockey,2000,F,159,16,16,16,111,159,48
Hockey,2000,M,191,16,16,16,143,191,48
Hockey,2004,F,160,16,16,16,112,160,48
Hockey,2004,M,192,16,16,16,144,192,48
Hockey,2008,F,191,16,16,16,143,191,48
Hockey,2008,M,196,17,16,17,146,196,50
Hockey,2012,F,191,16,15,16,144,191,47
Hockey,2012,M,196,16,17,16,147,196,49
Hockey,2016,F,194,17,16,16,145,194,49
Hockey,2016,M,196,16,16,18,146,196,50
Ice Hockey,1920,M,60,8,11,8,33,60,27
Ice Hockey,1924,M,82,10,9,9,54,82,28
Ice Hockey,1928,M,124,12,12,12,88,124,36
Ice Hockey,1932,M,48,10,14,14,10,48,38
Ice Hockey,1936,M,173,11,13,12,137,173,36
Ice Hockey,1948,M,139,17,17,12,93,139,46
Ice Hockey,1952,M,147,17,15,16,99,147,48
Ice Hockey,1956,M,169,17,17,17,118,169,51
Ice Hockey,1960,M,152,17,17,17,101,152,51
Ice Hockey,1964,M,270,17,17,17,219,270,51
Ice Hockey,1968,M,250,18,18,18,196,250,54
Ice Hockey,1972,M,208,18,17,20,153,208,55
Ice Hockey,1976,M,217,18,19,18,162,217,55
Ice Hockey,1980,M,239,20,20,19,180,239,59
Ice Hockey,1984,M,239,20,20,20,179,239,60
Ice Hockey,1988,M,265,22,22,21,200,265,65
Ice Hockey,1992,M,267,22,22,22,201,267,66
Ice Hockey,1994,M,268,22,21,22,203,268,65
Ice Hockey,1998,F,120,20,20,20,60,120,60
Ice Hockey,1998,M,306,22,22,21,241,306,65
Ice Hockey,2002,F,156,20,20,20,96,156,60
Ice Hockey,2002,M,312,21,23,22,246,312,66
Ice Hockey,2006,F,160,20,20,20,100,160,60
Ice Hockey,2006,M,282,24,23,24,211,282,71
Ice Hockey,2010,F,160,19,21,21,99,160,61
Ice Hockey,2010,M,260,22,22,22,194,260,66
Ice Hockey,2014,F,158,19,20,20,99,158,59
Ice Hockey,2014,M,285,24,23,24,214,285,71
Jeu De Paume,1908,M,11,1,1,1,8,11,3
Judo,1964,M,72,8,4,4,56,72,16
Judo,1972,M,148,12,5,6,143,166,23
Judo,1976,M,135,12,6,6,129,153,24
Judo,1980,M,182,16,8,8,161,193,32
Judo,1984,M,212,16,8,8,180,212,32
Judo,1988,M,243,14,7,7,215,243,28
Judo,1992,F,163,14,7,7,135,163,28
Judo,1992,M,269,14,7,7,241,269,28
Judo,1996,F,151,14,7,7,123,151,28
Judo,1996,M,236,14,7,7,208,236,28
Judo,2000,F,161,14,7,7,133,161,28
Judo,2000,M,237,14,7,7,209,237,28
Judo,2004,F,157,14,7,7,129,157,28
Judo,2004,M,227,14,7,7,199,227,28
Judo,2008,F,156,14,7,7,128,156,28
Judo,2008,M,230,14,7,7,202,230,28
Judo,2012,F,153,14,7,7,125,153,28
Judo,2012,M,231,14,7,7,203,231,28
Judo,2016,F,152,14,7,7,124,152,28
Judo,2016,M,237,14,7,7,209,237,28
Lacrosse,1904,M,36,12,12,12,0,36,36
Lacrosse,1908,M,24,0,12,12,0,24,24
Luge,1964,F,17,1,1,1,14,17,3
Luge,1964,M,51,3,3,3,59,68,9
Luge,1968,F,26,1,1,1,23,26,3
Luge,1968,M,59,3,3,3,71,80,9
Luge,1972,F,22,1,1,1,19,22,3
Luge,1972,M,61,3,1,5,76,85,9
Luge,1976,F,26,1,1,1,23,26,3
Luge,1976,M,68,3,3,3,84,93,9
Luge,1980,F,26,1,1,1,23,26,3
Luge,1980,M,54,3,3,3,59,68,9
Luge,1984,F,27,1,1,1,24,27,3
Luge,1984,M,54,3,3,3,53,62,9
Luge,1988,F,24,1,1,1,21,24,3
Luge,1988,M,66,3,3,3,65,74,9
Luge,1992,F,24,1,1,1,21,24,3
Luge,1992,M,65,3,3,3,65,74,9
Luge,1994,F,25,1,1,1,22,25,3
Luge,1994,M,67,3,3,3,64,73,9
Luge,1998,F,29,1,1,1,26,29,3
Luge,1998,M,64,3,3,3,59,68,9
Luge,2002,F,29,1,1,1,26,29,3
Luge,2002,M,81,3,3,3,79,88,9
Luge,2006,F,30,1,1,1,27,30,3
Luge,2006,M,78,3,3,3,69,78,9
Luge,2010,F,29,1,1,1,26,29,3
Luge,2010,M,78,3,3,3,69,78,9
Luge,2014,F,31,2,2,2,37,43,6
Luge,2014,M,77,6,6,6,95,113,18
Military Ski Patrol,1924,M,24,4,4,4,12,24,12
Modern Pentathlon,1912,M,32,1,1,1,29,32,3
Modern Pentathlon,1920,M,23,1,1,1,20,23,3
Modern Pentathlon,1924,M,38,1,1,1,35,38,3
Modern Pentathlon,1928,M,37,1,1,1,34,37,3
Modern Pentathlon,1932,M,25,1,1,1,22,25,3
Modern Pentathlon,1936,M,42,1,1,1,39,42,3
Modern Pentathlon,1948,M,45,1,1,1,42,45,3
Modern Pentathlon,1952,M,51,4,4,4,87,99,12
Modern Pentathlon,1956,M,40,4,4,4,64,76,12
Modern Pentathlon,1960,M,60,4,4,4,99,111,12
Modern Pentathlon,1964,M,37,4,4,4,58,70,12
Modern Pentathlon,1968,M,48,4,4,4,81,93,12
Modern Pentathlon,1972,M,59,4,4,4,104,116,12
Modern Pentathlon,1976,M,47,4,4,4,77,89,12
Modern Pentathlon,1980,M,43,4,4,4,67,79,12
Modern Pentathlon,1984,M,52,4,4,4,91,103,12
Modern Pentathlon,1988,M,65,4,4,4,110,122,12
Modern Pentathlon,1992,M,66,4,4,4,105,117,12
Modern Pentathlon,1996,M,32,1,1,1,29,32,3
Modern Pentathlon,2000,F,24,1,1,1,21,24,3
Modern Pentathlon,2000,M,24,1,1,1,21,24,3
Modern Pentathlon,2004,F,32,1,1,1,29,32,3
Modern Pentathlon,2004,M,32,1,1,1,29,32,3
Modern Pentathlon,2008,F,36,1,1,1,33,36,3
Modern Pentathlon,2008,M,36,1,1,1,33,36,3
Modern Pentathlon,2012,F,36,1,1,1,33,36,3
Modern Pentathlon,2012,M,36,1,1,1,33,36,3
Modern Pentathlon,2016,F,36,1,1,1,33,36,3
Modern Pentathlon,2016,M,36,1,1,1,33,36,3
Motorboating,1908,F,1,0,0,0,1,1,0
Motorboating,1908,M,13,0,0,7,9,16,7
Nordic Combined,1924,M,30,1,1,1,27,30,3
Nordic Combined,1928,M,35,1,1,1,32,35,3
Nordic Combined,1932,M,33,1,1,1,30,33,3
Nordic Combined,1936,M,51,1,1,1,48,51,3
Nordic Combined,1948,M,39,1,1,1,36,39,3
Nordic Combined,1952,M,25,1,1,1,22,25,3
Nordic Combined,1956,M,36,1,1,1,33,36,3
Nordic Combined,1960,M,33,1,1,1,30,33,3
Nordic Combined,1964,M,32,1,1,1,29,32,3
Nordic Combined,1968,M,41,1,1,1,38,41,3
Nordic Combined,1972,M,40,1,1,1,37,40,3
Nordic Combined,1976,M,34,1,1,1,31,34,3
Nordic Combined,1980,M,31,1,1,1,28,31,3
Nordic Combined,1984,M,28,1,1,1,25,28,3
Nordic Combined,1988,M,44,4,4,4,63,75,12
Nordic Combined,1992,M,46,4,4,4,66,78,12
Nordic Combined,1994,M,53,4,4,4,77,89,12
Nordic Combined,1998,M,53,5,5,5,77,92,15
Nordic Combined,2002,M,54,6,6,6,107,125,18
Nordic Combined,2006,M,59,6,6,6,120,138,18
Nordic Combined,2010,M,52,6,6,6,113,131,18
Nordic Combined,2014,M,54,6,6,6,110,128,18
Polo,1900,M,20,8,4,5,4,21,17
Polo,1908,M,12,0,8,4,0,12,12
Polo,1920,M,17,4,5,4,4,17,13
Polo,1924,M,24,4,4,5,11,24,13
Polo,1936,M,21,4,4,4,9,21,12
Racquets,1908,M,7,4,3,3,2,12,10
Rhythmic Gymnastics,1984,F,33,1,1,1,30,33,3
Rhythmic Gymnastics,1988,F,39,1,1,1,36,39,3
Rhythmic Gymnastics,1992,F,42,1,1,1,39,42,3
Rhythmic Gymnastics,1996,F,90,7,7,7,69,90,21
Rhythmic Gymnastics,2000,F,84,7,7,7,63,84,21
Rhythmic Gymnastics,2004,F,84,7,7,7,63,84,21
Rhythmic Gymnastics,2008,F,95,7,7,7,74,95,21
Rhythmic Gymnastics,2012,F,95,7,7,7,74,95,21
Rhythmic Gymnastics,2016,F,96,6,6,6,78,96,18
Roque,1904,M,4,1,1,1,1,4,3
Rowing,1900,M,99,24,21,23,65,133,68
Rowing,1904,M,44,9,18,18,1,46,45
Rowing,1906,M,167,35,36,36,93,200,107
Rowing,1908,M,81,32,16,16,23,87,64
Rowing,1912,M,184,26,20,20,131,197,66
Rowing,1920,M,136,20,20,20,84,144,60
Rowing,1924,M,181,24,26,27,119,196,77
Rowing,1928,M,244,26,26,26,169,247,78
Rowing,1932,M,152,26,26,26,88,166,78
Rowing,1936,M,314,26,26,26,270,348,78
Rowing,1948,M,310,26,26,26,240,318,78
Rowing,1952,M,404,26,26,26,328,406,78
Rowing,1956,M,242,26,26,26,180,258,78
Rowing,1960,M,410,26,26,26,353,431,78
Rowing,1964,M,370,27,26,26,299,378,79
Rowing,1968,M,353,26,26,27,279,358,79
Rowing,1972,M,440,26,26,26,364,442,78
Rowing,1976,F,205,24,24,24,138,210,72
Rowing,1976,M,388,30,30,31,297,388,91
Rowing,1980,F,157,25,25,25,84,159,75
Rowing,1980,M,313,30,30,30,239,329,90
Rowing,1984,F,161,24,24,24,107,179,72
Rowing,1984,M,286,30,30,30,196,286,90
Rowing,1988,F,194,26,26,23,140,215,75
Rowing,1988,M,399,30,31,30,318,409,91
Rowing,1992,F,190,22,22,22,145,211,66
Rowing,1992,M,437,30,30,30,360,450,90
Rowing,1996,F,205,20,20,20,156,216,60
Rowing,1996,M,403,28,28,28,321,405,84
Rowing,2000,F,184,20,20,20,134,194,60
Rowing,2000,M,363,28,28,28,283,367,84
Rowing,2004,F,193,20,20,20,135,195,60
Rowing,2004,M,364,28,28,28,280,364,84
Rowing,2008,F,191,20,20,20,138,198,60
Rowing,2008,M,364,28,28,28,281,365,84
Rowing,2012,F,196,20,20,20,137,197,60
Rowing,2012,M,353,28,28,28,269,353,84
Rowing,2016,F,214,20,20,20,158,218,60
Rowing,2016,M,331,28,28,28,247,331,84
Rugby,1900,M,47,0,30,17,0,47,47
Rugby,1908,M,30,0,15,15,0,30,30
Rugby,1920,M,31,0,15,16,0,31,31
Rugby,1924,M,54,16,19,19,0,54,54
Rugby Sevens,2016,F,148,12,12,12,112,148,36
Rugby Sevens,2016,M,151,13,12,13,113,151,38
Sailing,1900,F,1,0,1,1,1,3,2
Sailing,1900,M,95,32,43,28,174,277,103
Sailing,1908,F,1,0,0,1,0,1,1
Sailing,1908,M,63,8,18,21,16,63,47
Sailing,1912,M,109,22,25,26,36,109,73
Sailing,1920,F,1,0,0,1,0,1,1
Sailing,1920,M,100,8,24,63,5,100,95
Sailing,1924,F,1,0,0,0,1,1,0
Sailing,1924,M,64,9,9,9,41,68,27
Sailing,1928,F,2,0,0,1,1,2,1
Sailing,1928,M,125,12,11,10,93,126,33
Sailing,1932,M,54,7,14,19,17,57,40
Sailing,1936,F,3,1,0,0,2,3,1
Sailing,1936,M,169,13,14,14,128,169,41
Sailing,1948,M,186,13,13,13,147,186,39
Sailing,1952,F,3,0,1,1,1,3,2
Sailing,1952,M,224,14,13,15,182,224,42
Sailing,1956,M,149,11,12,11,115,149,34
Sailing,1960,F,1,0,0,0,1,1,0
Sailing,1960,M,286,12,11,11,252,286,34
Sailing,1964,F,1,0,0,0,1,1,0
Sailing,1964,M,224,11,11,11,191,224,33
Sailing,1968,M,251,11,11,11,219,252,33
Sailing,1972,M,323,13,14,13,283,323,40
Sailing,1976,F,1,0,0,0,1,1,0
Sailing,1976,M,256,12,12,12,220,256,36
Sailing,1980,F,1,0,0,0,1,1,0
Sailing,1980,M,155,12,12,12,119,155,36
Sailing,1984,F,2,0,0,0,2,2,0
Sailing,1984,M,297,13,13,13,258,297,39
Sailing,1988,F,44,2,2,2,38,44,6
Sailing,1988,M,329,13,13,13,290,329,39
Sailing,1992,F,84,4,4,4,72,84,12
Sailing,1992,M,355,13,13,13,316,355,39
Sailing,1996,F,99,4,4,4,87,99,12
Sailing,1996,M,355,12,12,12,319,355,36
Sailing,2000,F,95,4,4,4,83,95,12
Sailing,2000,M,304,14,14,14,262,304,42
Sailing,2004,F,139,7,7,7,118,139,21
Sailing,2004,M,260,11,11,11,228,261,33
Sailing,2008,F,136,7,7,7,115,136,21
Sailing,2008,M,258,11,11,11,225,258,33
Sailing,2012,F,141,7,7,7,120,141,21
Sailing,2012,M,236,9,9,9,209,236,27
Sailing,2016,F,156,7,7,7,135,156,21
Sailing,2016,M,214,8,8,8,190,214,24
Shooting,1896,M,38,5,5,5,50,65,15
Shooting,1900,M,72,16,17,16,172,221,49
Shooting,1906,M,68,16,16,16,272,320,48
Shooting,1908,M,215,36,39,39,330,444,114
Shooting,1912,M,284,48,48,48,650,794,144
Shooting,1920,M,236,66,66,66,640,838,198
Shooting,1924,M,258,25,25,25,433,508,75
Shooting,1932,M,41,2,2,2,38,44,6
Shooting,1936,M,141,3,3,3,153,162,9
Shooting,1948,M,188,4,4,4,204,216,12
Shooting,1952,M,218,7,7,7,268,289,21
Shooting,1956,M,156,7,7,7,198,219,21
Shooting,1960,M,312,6,6,6,370,388,18
Shooting,1964,M,262,6,6,6,294,312,18
Shooting,1968,F,3,0,0,0,3,3,0
Shooting,1968,M,347,7,7,7,384,405,21
Shooting,1972,F,4,0,0,0,4,4,0
Shooting,1972,M,393,8,8,8,444,468,24
Shooting,1976,F,8,0,1,0,8,9,1
Shooting,1976,M,335,7,6,7,339,359,20
Shooting,1980,F,5,0,0,0,6,6,0
Shooting,1980,M,234,7,7,7,240,261,21
Shooting,1984,F,77,3,3,3,83,92,9
Shooting,1984,M,383,8,8,8,423,447,24
Shooting,1988,F,110,4,4,4,151,163,12
Shooting,1988,M,285,9,9,9,354,381,27
Shooting,1992,F,117,4,4,5,166,179,13
Shooting,1992,M,289,9,9,8,358,384,26
Shooting,1996,F,125,5,5,5,171,186,15
Shooting,1996,M,293,10,10,10,395,425,30
Shooting,2000,F,145,7,7,7,203,224,21
Shooting,2000,M,262,10,10,10,344,374,30
Shooting,2004,F,137,7,7,7,178,199,21
Shooting,2004,M,252,10,10,10,328,358,30
Shooting,2008,F,145,6,6,6,196,214,18
Shooting,2008,M,244,9,9,9,335,362,27
Shooting,2012,F,158,6,6,6,209,227,18
Shooting,2012,M,231,9,9,9,304,331,27
Shooting,2016,F,149,6,6,6,192,210,18
Shooting,2016,M,239,9,9,9,314,341,27
Short Track Speed Skating,1992,F,42,5,5,5,44,59,15
Short Track Speed Skating,1992,M,44,5,6,5,49,65,16
Short Track Speed Skating,1994,F,41,6,6,6,75,93,18
Short Track Speed Skating,1994,M,46,6,6,6,77,95,18
Short Track Speed Skating,1998,F,45,6,6,6,78,96,18
Short Track Speed Skating,1998,M,49,6,6,6,76,94,18
Short Track Speed Skating,2002,F,51,8,7,7,98,120,22
Short Track Speed Skating,2002,M,60,8,8,8,107,131,24
Short Track Speed Skating,2006,F,52,7,8,8,100,123,23
Short Track Speed Skating,2006,M,54,7,8,8,93,116,23
Short Track Speed Skating,2010,F,55,8,7,7,114,136,22
Short Track Speed Skating,2010,M,54,8,8,8,113,137,24
Short Track Speed Skating,2014,F,50,7,7,8,112,134,22
Short Track Speed Skating,2014,M,56,7,7,7,114,135,21
Skeleton,1928,M,10,1,1,1,7,10,3
Skeleton,1948,M,15,1,1,1,12,15,3
Skeleton,2002,F,13,1,1,1,10,13,3
Skeleton,2002,M,26,1,1,1,23,26,3
Skeleton,2006,F,15,1,1,1,12,15,3
Skeleton,2006,M,27,1,1,1,24,27,3
Skeleton,2010,F,19,1,1,1,16,19,3
Skeleton,2010,M,28,1,1,1,25,28,3
Skeleton,2014,F,19,1,1,1,16,19,3
Skeleton,2014,M,27,1,1,1,24,27,3
Ski Jumping,1924,M,27,1,1,1,24,27,3
Ski Jumping,1928,M,38,1,1,1,35,38,3
Ski Jumping,1932,M,34,1,1,1,31,34,3
Ski Jumping,1936,M,48,1,1,1,45,48,3
Ski Jumping,1948,M,49,1,1,1,46,49,3
Ski Jumping,1952,M,44,1,1,1,41,44,3
Ski Jumping,1956,M,51,1,1,1,48,51,3
Ski Jumping,1960,M,45,1,1,1,42,45,3
Ski Jumping,1964,M,57,2,2,2,99,105,6
Ski Jumping,1968,M,66,2,2,2,110,116,6
Ski Jumping,1972,M,62,2,2,2,102,108,6
Ski Jumping,1976,M,62,2,2,2,103,109,6
Ski Jumping,1980,M,55,1,3,2,92,98,6
Ski Jumping,1984,M,65,2,2,2,105,111,6
Ski Jumping,1988,M,65,6,6,6,139,157,18
Ski Jumping,1992,M,63,6,6,6,153,171,18
Ski Jumping,1994,M,68,6,6,6,146,164,18
Ski Jumping,1998,M,68,6,6,6,158,176,18
Ski Jumping,2002,M,73,6,6,6,160,178,18
Ski Jumping,2006,M,79,6,6,6,184,202,18
Ski Jumping,2010,M,68,6,6,6,152,170,18
Ski Jumping,2014,F,30,1,1,1,27,30,3
Ski Jumping,2014,M,66,6,6,6,152,170,18
Snowboarding,1998,F,56,2,2,2,51,57,6
Snowboarding,1998,M,69,2,2,2,64,70,6
Snowboarding,2002,F,53,2,2,2,47,53,6
Snowboarding,2002,M,65,2,2,2,59,65,6
Snowboarding,2006,F,79,3,3,3,78,87,9
Snowboarding,2006,M,108,3,3,3,102,111,9
Snowboarding,2010,F,81,3,3,3,72,81,9
Snowboarding,2010,M,104,3,3,3,95,104,9
Snowboarding,2014,F,103,5,5,5,123,138,15
Snowboarding,2014,M,134,5,5,5,155,170,15
Softball,1996,F,120,15,15,15,75,120,45
Softball,2000,F,120,15,15,15,75,120,45
Softball,2004,F,118,14,15,15,74,118,44
Softball,2008,F,120,15,15,15,75,120,45
Speed Skating,1924,M,31,6,5,5,94,110,16
Speed Skating,1928,M,40,5,2,4,95,106,11
Speed Skating,1932,M,31,4,4,4,58,70,12
Speed Skating,1936,M,52,4,4,4,128,140,12
Speed Skating,1948,M,68,3,6,4,141,154,13
Speed Skating,1952,M,67,5,4,4,132,145,13
Speed Skating,1956,M,83,4,3,5,167,179,12
Speed Skating,1960,F,30,4,4,4,76,88,12
Speed Skating,1960,M,73,4,3,5,149,161,12
Speed Skating,1964,F,43,3,5,4,102,114,12
Speed Skating,1964,M,91,3,6,4,160,173,13
Speed Skating,1968,F,43,3,6,4,100,113,13
Speed Skating,1968,M,86,2,6,4,155,167,12
Speed Skating,1972,F,51,4,4,4,103,115,12
Speed Skating,1972,M,67,4,4,4,117,129,12
Speed Skating,1976,F,45,4,4,4,94,106,12
Speed Skating,1976,M,66,5,5,5,126,141,15
Speed Skating,1980,F,54,4,4,4,116,128,12
Speed Skating,1980,M,74,6,5,5,152,168,16
Speed Skating,1984,F,52,4,4,4,117,129,12
Speed Skating,1984,M,87,5,5,5,184,199,15
Speed Skating,1988,F,53,5,5,5,124,139,15
Speed Skating,1988,M,88,5,5,5,172,187,15
Speed Skating,1992,F,59,5,5,5,138,153,15
Speed Skating,1992,M,95,5,5,5,186,201,15
Speed Skating,1994,F,61,5,5,5,128,143,15
Speed Skating,1994,M,89,5,5,5,160,175,15
Speed Skating,1998,F,79,5,5,5,143,158,15
Speed Skating,1998,M,92,5,5,5,162,177,15
Speed Skating,2002,F,71,5,5,5,139,154,15
Speed Skating,2002,M,95,5,5,5,163,178,15
Speed Skating,2006,F,77,10,10,10,150,180,30
Speed Skating,2006,M,97,10,10,9,170,199,29
Speed Skating,2010,F,83,8,8,9,155,180,25
Speed Skating,2010,M,94,9,9,8,160,186,26
Speed Skating,2014,F,83,9,9,9,154,181,27
Speed Skating,2014,M,94,8,8,8,163,187,24
Swimming,1896,M,13,2,4,4,8,18,10
Swimming,1900,M,76,10,11,10,100,131,31
Swimming,1904,M,32,13,13,13,25,64,39
Swimming,1906,M,43,7,7,7,57,78,21
Swimming,1908,M,100,9,9,9,123,150,27
Swimming,1912,F,27,5,5,5,28,43,15
Swimming,1912,M,93,10,10,10,128,158,30
Swimming,1920,F,24,6,6,6,29,47,18
Swimming,1920,M,92,10,11,10,131,162,31
Swimming,1924,F,51,8,8,8,59,83,24
Swimming,1924,M,118,11,10,10,149,180,31
Swimming,1928,F,72,8,8,10,82,108,26
Swimming,1928,M,110,9,10,11,140,170,30
Swimming,1932,F,44,8,8,8,53,77,24
Swimming,1932,M,84,9,9,9,91,118,27
Swimming,1936,F,94,9,9,8,109,135,26
Swimming,1936,M,154,9,11,9,200,229,29
Swimming,1948,F,88,8,9,8,120,145,25
Swimming,1948,M,161,9,9,13,222,253,31
Swimming,1952,F,118,8,8,9,157,182,25
Swimming,1952,M,200,9,9,13,268,299,31
Swimming,1956,F,99,9,12,11,123,155,32
Swimming,1956,M,136,10,12,13,166,201,35
Swimming,1960,F,144,13,17,20,199,249,50
Swimming,1960,M,236,18,17,20,326,381,55
Swimming,1964,F,162,15,16,22,222,275,53
Swimming,1964,M,243,21,19,28,393,461,68
Swimming,1968,F,204,20,22,24,469,535,66
Swimming,1968,M,264,28,25,36,607,696,89
Swimming,1972,F,243,23,22,27,501,573,72
Swimming,1972,M,286,28,27,33,596,684,88
Swimming,1976,F,208,21,21,23,440,505,65
Swimming,1976,M,263,21,22,25,503,571,68
Swimming,1980,F,143,21,21,21,262,325,63
Swimming,1980,M,190,21,24,23,368,436,68
Swimming,1984,F,186,20,20,27,389,456,67
Swimming,1984,M,304,28,25,32,678,763,85
Swimming,1988,F,252,26,25,25,572,648,76
Swimming,1988,M,376,31,28,32,851,942,91
Swimming,1992,F,254,24,25,27,569,645,76
Swimming,1992,M,382,30,30,33,853,946,93
Swimming,1996,F,344,27,29,34,699,789,90
Swimming,1996,M,413,29,30,32,729,820,91
Swimming,2000,F,393,30,31,33,651,745,94
Swimming,2000,M,553,26,32,33,890,981,91
Swimming,2004,F,390,29,33,32,635,729,94
Swimming,2004,M,542,30,30,31,790,881,91
Swimming,2008,F,449,31,33,35,722,821,99
Swimming,2008,M,568,32,33,36,817,918,101
Swimming,2012,F,447,30,32,35,673,770,97
Swimming,2012,M,479,30,33,35,661,759,98
Swimming,2016,F,437,30,32,35,663,760,97
Swimming,2016,M,502,27,31,35,709,802,93
Synchronized Swimming,1984,F,50,3,3,3,77,86,9
Synchronized Swimming,1988,F,46,3,3,3,67,76,9
Synchronized Swimming,1992,F,53,3,2,4,80,89,9
Synchronized Swimming,1996,F,72,9,9,10,44,72,28
Synchronized Swimming,2000,F,101,10,11,10,86,117,31
Synchronized Swimming,2004,F,101,11,11,11,84,117,33
Synchronized Swimming,2008,F,102,11,10,11,85,117,32
Synchronized Swimming,2012,F,101,10,11,11,85,117,32
Synchronized Swimming,2016,F,102,10,11,11,86,118,32
Table Tennis,1988,F,48,3,3,3,69,78,9
Table Tennis,1988,M,81,3,3,3,119,128,9
Table Tennis,1992,F,79,6,3,3,112,124,12
Table Tennis,1992,M,80,6,3,3,112,124,12
Table Tennis,1996,F,80,3,3,3,115,124,9
Table Tennis,1996,M,85,3,3,3,117,126,9
Table Tennis,2000,F,83,3,3,3,119,128,9
Table Tennis,2000,M,86,3,3,3,127,136,9
Table Tennis,2004,F,82,3,3,3,116,125,9
Table Tennis,2004,M,86,3,3,3,119,128,9
Table Tennis,2008,F,82,4,1,4,110,119,9
Table Tennis,2008,M,83,4,4,4,108,120,12
Table Tennis,2012,F,85,0,4,4,106,114,8
Table Tennis,2012,M,83,4,4,4,100,112,12
Table Tennis,2016,F,83,4,4,4,101,113,12
Table Tennis,2016,M,84,4,4,4,104,116,12
Taekwondo,2000,F,48,4,4,4,36,48,12
Taekwondo,2000,M,54,4,4,4,42,54,12
Taekwondo,2004,F,60,4,4,4,48,60,12
Taekwondo,2004,M,64,4,4,4,52,64,12
Taekwondo,2008,F,63,8,4,4,47,63,16
Taekwondo,2008,M,63,8,4,4,47,63,16
Taekwondo,2012,F,64,8,4,4,48,64,16
Taekwondo,2012,M,64,8,4,4,48,64,16
Taekwondo,2016,F,64,8,4,4,48,64,16
Taekwondo,2016,M,62,8,4,4,46,62,16
Tennis,1896,M,13,4,3,3,13,23,10
Tennis,1900,F,7,4,2,2,4,12,8
Tennis,1900,M,19,8,4,4,19,35,16
Tennis,1904,M,36,6,3,3,45,57,12
Tennis,1906,F,6,2,2,2,5,11,6
Tennis,1906,M,21,4,4,4,25,37,12
Tennis,1908,F,10,2,2,2,6,12,6
Tennis,1908,M,40,6,6,6,54,72,18
Tennis,1912,F,13,4,4,4,18,30,12
Tennis,1912,M,67,8,8,8,119,143,24
Tennis,1920,F,23,4,4,4,40,52,12
Tennis,1920,M,52,4,4,4,89,101,12
Tennis,1924,F,35,4,4,4,62,74,12
Tennis,1924,M,89,4,4,4,167,179,12
Tennis,1988,F,48,6,3,3,64,76,12
Tennis,1988,M,81,6,3,3,114,126,12
Tennis,1992,F,87,6,3,3,114,126,12
Tennis,1992,M,90,6,3,3,112,124,12
Tennis,1996,F,83,3,3,3,111,120,9
Tennis,1996,M,93,3,3,3,117,126,9
Tennis,2000,F,89,3,3,3,117,126,9
Tennis,2000,M,93,3,3,3,113,122,9
Tennis,2004,F,83,3,3,3,119,128,9
Tennis,2004,M,87,3,3,3,115,124,9
Tennis,2008,F,83,3,3,3,117,126,9
Tennis,2008,M,86,3,3,3,119,128,9
Tennis,2012,F,89,4,4,4,130,142,12
Tennis,2012,M,95,4,4,4,132,144,12
Tennis,2016,F,91,4,4,4,131,143,12
Tennis,2016,M,105,4,4,4,131,143,12
Trampolining,2000,F,12,1,1,1,9,12,3
Trampolining,2000,M,12,1,1,1,9,12,3
Trampolining,2004,F,16,1,1,1,13,16,3
Trampolining,2004,M,16,1,1,1,13,16,3
Trampolining,2008,F,16,1,1,1,13,16,3
Trampolining,2008,M,16,1,1,1,13,16,3
Trampolining,2012,F,16,1,1,1,13,16,3
Trampolining,2012,M,16,1,1,1,13,16,3
Trampolining,2016,F,16,1,1,1,13,16,3
Trampolining,2016,M,16,1,1,1,13,16,3
Triathlon,2000,F,48,1,1,1,45,48,3
Triathlon,2000,M,52,1,1,1,49,52,3
Triathlon,2004,F,50,1,1,1,47,50,3
Triathlon,2004,M,49,1,1,1,46,49,3
Triathlon,2008,F,55,1,1,1,52,55,3
Triathlon,2008,M,55,1,1,1,52,55,3
Triathlon,2012,F,55,1,1,1,52,55,3
Triathlon,2012,M,55,1,1,1,52,55,3
Triathlon,2016,F,55,1,1,1,52,55,3
Triathlon,2016,M,55,1,1,1,52,55,3
Tug-Of-War,1900,M,12,0,6,6,0,12,12
Tug-Of-War,1904,M,30,5,5,5,15,30,15
Tug-Of-War,1906,M,32,8,8,8,8,32,24
Tug-Of-War,1908,M,40,8,8,8,16,40,24
Tug-Of-War,1912,M,16,0,8,8,0,16,16
Tug-Of-War,1920,M,40,8,8,8,16,40,24
Volleyball,1964,F,68,10,12,12,34,68,34
Volleyball,1964,M,111,9,11,11,80,111,31
Volleyball,1968,F,87,12,9,11,55,87,32
Volleyball,1968,M,119,12,11,12,84,119,35
Volleyball,1972,F,91,11,12,12,56,91,35
Volleyball,1972,M,140,12,12,12,104,140,36
Volleyball,1976,F,96,12,12,12,60,96,36
Volleyball,1976,M,120,12,12,12,84,120,36
Volleyball,1980,F,90,10,12,11,57,90,33
Volleyball,1980,M,114,10,12,12,80,114,34
Volleyball,1984,F,90,12,12,10,56,90,34
Volleyball,1984,M,118,12,12,12,82,118,36
Volleyball,1988,F,95,11,12,12,60,95,35
Volleyball,1988,M,144,12,12,12,108,144,36
Volleyball,1992,F,89,12,8,10,59,89,30
Volleyball,1992,M,142,12,12,12,106,142,36
Volleyball,1996,F,134,12,9,10,103,134,31
Volleyball,1996,M,141,12,12,12,105,141,36
Volleyball,2000,F,138,12,12,8,106,138,32
Volleyball,2000,M,141,12,12,11,106,141,35
Volleyball,2004,F,140,12,10,12,106,140,34
Volleyball,2004,M,143,12,12,12,107,143,36
Volleyball,2008,F,140,12,12,12,104,140,36
Volleyball,2008,M,143,12,12,12,107,143,36
Volleyball,2012,F,143,12,12,12,107,143,36
Volleyball,2012,M,144,12,12,12,108,144,36
Volleyball,2016,F,142,12,12,12,106,142,36
Volleyball,2016,M,141,12,12,12,105,141,36
Water Polo,1900,M,53,15,10,7,21,53,32
Water Polo,1904,M,21,7,7,7,0,21,21
Water Polo,1908,M,28,7,7,7,7,28,21
Water Polo,1912,M,45,9,7,7,22,45,23
Water Polo,1920,M,101,10,8,7,76,101,25
Water Polo,1924,M,101,9,11,7,74,101,27
Water Polo,1928,M,112,9,7,8,88,112,24
Water Polo,1932,M,41,7,8,10,16,41,25
Water Polo,1936,M,142,9,11,11,111,142,31
Water Polo,1948,M,156,9,11,9,127,156,29
Water Polo,1952,M,191,11,9,13,158,191,33
Water Polo,1956,M,86,10,8,11,57,86,29
Water Polo,1960,M,150,14,11,12,113,150,37
Water Polo,1964,M,137,11,11,12,103,137,34
Water Polo,1968,M,162,11,11,11,129,162,33
Water Polo,1972,M,176,11,11,11,143,176,33
Water Polo,1976,M,131,10,11,11,99,131,32
Water Polo,1980,M,132,11,11,11,99,132,33
Water Polo,1984,M,153,12,13,13,115,153,38
Water Polo,1988,M,156,13,13,13,117,156,39
Water Polo,1992,M,152,13,12,12,115,152,37
Water Polo,1996,M,153,13,12,12,116,153,37
Water Polo,2000,F,78,13,13,13,39,78,39
Water Polo,2000,M,153,13,12,13,115,153,38
Water Polo,2004,F,101,12,13,13,63,101,38
Water Polo,2004,M,154,13,12,13,116,154,38
Water Polo,2008,F,103,13,13,12,65,103,38
Water Polo,2008,M,153,13,13,13,114,153,39
Water Polo,2012,F,102,13,12,12,65,102,37
Water Polo,2012,M,155,13,13,13,116,155,39
Water Polo,2016,F,104,13,13,13,65,104,39
Water Polo,2016,M,154,13,13,13,115,154,39
Weightlifting,1896,M,7,2,2,2,4,10,6
Weightlifting,1904,M,5,2,2,2,1,7,6
Weightlifting,1906,M,13,4,2,2,14,22,8
Weightlifting,1920,M,53,5,5,5,38,53,15
Weightlifting,1924,M,107,5,5,5,92,107,15
Weightlifting,1928,M,94,5,4,6,79,94,15
Weightlifting,1932,M,29,5,5,5,14,29,15
Weightlifting,1936,M,80,5,4,6,65,80,15
Weightlifting,1948,M,120,6,6,6,102,120,18
Weightlifting,1952,M,139,7,7,7,118,139,21
Weightlifting,1956,M,102,7,7,7,81,102,21
Weightlifting,1960,M,171,7,6,7,151,171,20
Weightlifting,1964,M,149,7,7,7,128,149,21
Weightlifting,1968,M,158,7,7,7,137,158,21
Weightlifting,1972,M,188,9,9,9,161,188,27
Weightlifting,1976,M,172,9,9,9,145,172,27
Weightlifting,1980,M,172,10,10,10,142,172,30
Weightlifting,1984,M,186,10,10,10,156,186,30
Weightlifting,1988,M,226,10,10,10,196,226,30
Weightlifting,1992,M,244,9,10,10,215,244,29
Weightlifting,1996,M,243,10,10,10,213,243,30
Weightlifting,2000,F,85,7,7,7,64,85,21
Weightlifting,2000,M,161,8,8,8,137,161,24
Weightlifting,2004,F,85,7,7,7,64,85,21
Weightlifting,2004,M,164,8,8,8,140,164,24
Weightlifting,2008,F,87,7,7,7,66,87,21
Weightlifting,2008,M,166,8,8,8,142,166,24
Weightlifting,2012,F,102,7,7,7,81,102,21
Weightlifting,2012,M,149,8,8,8,125,149,24
Weightlifting,2016,F,103,7,7,7,82,103,21
Weightlifting,2016,M,152,8,8,8,128,152,24
Wrestling,1896,M,5,1,1,1,2,5,3
Wrestling,1904,M,42,7,7,7,27,48,21
Wrestling,1906,M,36,4,4,4,27,39,12
Wrestling,1908,M,115,9,9,9,106,133,27
Wrestling,1912,M,170,5,6,4,155,170,15
Wrestling,1920,M,152,11,10,10,130,161,31
Wrestling,1924,M,229,13,13,13,205,244,39
Wrestling,1928,M,166,13,13,13,130,169,39
Wrestling,1932,M,79,14,14,14,48,90,42
Wrestling,1936,M,200,14,14,14,168,210,42
Wrestling,1948,M,219,16,16,16,181,229,48
Wrestling,1952,M,244,16,16,16,214,262,48
Wrestling,1956,M,173,16,16,16,147,195,48
Wrestling,1960,M,324,16,16,16,289,337,48
Wrestling,1964,M,275,16,16,16,254,302,48
Wrestling,1968,M,297,16,16,16,285,333,48
Wrestling,1972,M,388,20,20,20,349,409,60
Wrestling,1976,M,330,20,20,20,289,349,60
Wrestling,1980,M,266,20,20,20,210,270,60
Wrestling,1984,M,267,20,20,20,226,286,60
Wrestling,1988,M,429,20,20,20,397,457,60
Wrestling,1992,M,370,20,20,20,311,371,60
Wrestling,1996,M,401,20,20,20,341,401,60
Wrestling,2000,M,314,16,16,16,266,314,48
Wrestling,2004,F,50,4,4,4,38,50,12
Wrestling,2004,M,292,14,14,14,250,292,42
Wrestling,2008,F,66,8,4,4,50,66,16
Wrestling,2008,M,277,27,14,14,222,277,55
Wrestling,2012,F,76,8,4,4,60,76,16
Wrestling,2012,M,263,28,14,14,207,263,56
Wrestling,2016,F,112,12,6,6,88,112,24
Wrestling,2016,M,234,24,12,12,186,234,48
