Sex,Year,Sport,Athletes,Bronze,Silver,Gold,No Win,Attempts,Wins
F,1900,Croquet,3,0,0,0,6,6,0
F,1900,Equestrianism,2,0,0,0,2,2,0
F,1900,Golf,10,1,1,1,7,10,3
F,1900,Sailing,1,0,1,1,1,3,2
F,1900,Tennis,7,4,2,2,4,12,8
F,1904,Archery,6,2,2,6,6,16,10
F,1906,Tennis,6,2,2,2,5,11,6
F,1908,Archery,25,1,1,1,22,25,3
F,1908,Figure Skating,7,2,2,2,2,8,6
F,1908,Motorboating,1,0,0,0,1,1,0
F,1908,Sailing,1,0,0,1,0,1,1
F,1908,Tennis,10,2,2,2,6,12,6
F,1912,Diving,14,1,1,1,11,14,3
F,1912,Swimming,27,5,5,5,28,43,15
F,1912,Tennis,13,4,4,4,18,30,12
F,1920,Art Competitions,1,0,1,0,0,1,1
F,1920,Diving,18,2,2,2,13,19,6
F,1920,Figure Skating,12,2,2,2,8,14,6
F,1920,Sailing,1,0,0,1,0,1,1
F,1920,Swimming,24,6,6,6,29,47,18
F,1920,Tennis,23,4,4,4,40,52,12
F,1924,Art Competitions,21,0,1,0,32,33,1
F,1924,Diving,26,2,2,2,22,28,6
F,1924,Fencing,25,1,1,1,22,25,3
F,1924,Figure Skating,13,2,2,2,11,17,6
F,1924,Sailing,1,0,0,0,1,1,0
F,1924,Swimming,51,8,8,8,59,83,24
F,1924,Tennis,35,4,4,4,62,74,12
F,1928,Art Competitions,38,2,1,0,52,55,3
F,1928,Athletics,95,8,8,8,105,129,24
F,1928,Diving,23,2,2,2,21,27,6
F,1928,Fencing,27,1,1,1,24,27,3
F,1928,Figure Skating,28,2,2,2,27,33,6
F,1928,Gymnastics,56,12,12,10,22,56,34
F,1928,Sailing,2,0,0,1,1,2,1
F,1928,Swimming,72,8,8,10,82,108,26
F,1932,Art Competitions,75,0,2,0,156,158,2
F,1932,Athletics,54,9,9,9,53,80,27
F,1932,Diving,11,2,2,2,9,15,6
F,1932,Fencing,17,1,1,1,14,17,3
F,1932,Figure Skating,21,2,2,2,16,22,6
F,1932,Swimming,44,8,8,8,53,77,24
F,1936,Alpine Skiing,37,1,1,1,34,37,3
F,1936,Alpinism,1,0,0,1,0,1,1
F,1936,Art Competitions,31,0,0,0,52,52,0
F,1936,Athletics,98,9,9,9,107,134,27
F,1936,Diving,30,2,2,2,32,38,6
F,1936,Fencing,41,1,1,1,38,41,3
F,1936,Figure Skating,43,2,2,2,38,44,6
F,1936,Gymnastics,64,8,8,8,40,64,24
F,1936,Sailing,3,1,0,0,2,3,1
F,1936,Swimming,94,9,9,8,109,135,26
F,1948,Alpine Skiing,40,3,3,3,84,93,9
F,1948,Art Competitions,53,3,0,1,74,78,4
F,1948,Athletics,144,12,12,12,200,236,36
F,1948,Canoeing,10,1,1,1,7,10,3
F,1948,Diving,24,2,2,2,26,32,6
F,1948,Fencing,39,1,1,1,36,39,3
F,1948,Figure Skating,37,2,2,2,34,40,6
F,1948,Gymnastics,88,8,8,8,64,88,24
F,1948,Swimming,88,8,9,8,120,145,25
F,1952,Alpine Skiing,52,3,3,3,118,127,9
F,1952,Athletics,186,12,12,12,262,298,36
F,1952,Canoeing,13,1,1,1,10,13,3
F,1952,Cross Country Skiing,20,1,1,1,17,20,3
F,1952,Diving,25,2,2,2,24,30,6
F,1952,Equestrianism,4,1,1,0,4,6,2
F,1952,Fencing,37,1,1,1,34,37,3
F,1952,Figure Skating,37,2,2,2,32,38,6
F,1952,Gymnastics,134,21,21,21,863,926,63
F,1952,Sailing,3,0,1,1,1,3,2
F,1952,Swimming,118,8,8,9,157,182,25
F,1956,Alpine Skiing,59,3,3,3,135,144,9
F,1956,Athletics,145,11,13,12,177,213,36
F,1956,Canoeing,10,1,1,1,7,10,3
F,1956,Cross Country Skiing,41,4,4,4,58,70,12
F,1956,Diving,27,2,2,2,30,36,6
F,1956,Equestrianism,13,2,4,0,17,23,6
F,1956,Fencing,23,1,1,1,20,23,3
F,1956,Figure Skating,32,2,2,2,26,32,6
F,1956,Gymnastics,65,23,17,18,372,430,58
F,1956,Swimming,99,9,12,11,123,155,32
F,1960,Alpine Skiing,51,3,3,3,120,129,9
F,1960,Athletics,204,12,14,13,231,270,39
F,1960,Canoeing,28,3,3,3,26,35,9
F,1960,Cross Country Skiing,24,4,4,4,27,39,12
F,1960,Diving,26,2,2,2,30,36,6
F,1960,Equestrianism,8,0,0,0,9,9,0
F,1960,Fencing,78,6,6,7,94,113,19
F,1960,Figure Skating,39,2,2,2,33,39,6
F,1960,Gymnastics,124,11,11,11,689,722,33
F,1960,Sailing,1,0,0,0,1,1,0
F,1960,Speed Skating,30,4,4,4,76,88,12
F,1960,Swimming,144,13,17,20,199,249,50
F,1964,Alpine Skiing,55,2,4,3,126,135,9
F,1964,Athletics,236,15,15,15,298,343,45
F,1964,Canoeing,27,3,3,3,24,33,9
F,1964,Cross Country Skiing,38,5,5,5,76,91,15
F,1964,Diving,34,2,2,2,39,45,6
F,1964,Equestrianism,13,0,3,0,20,23,3
F,1964,Fencing,56,5,6,6,69,86,17
F,1964,Figure Skating,47,2,3,2,40,47,7
F,1964,Gymnastics,83,10,12,11,441,474,33
F,1964,Luge,17,1,1,1,14,17,3
F,1964,Sailing,1,0,0,0,1,1,0
F,1964,Speed Skating,43,3,5,4,102,114,12
F,1964,Swimming,162,15,16,22,222,275,53
F,1964,Volleyball,68,10,12,12,34,68,34
F,1968,Alpine Skiing,55,3,3,3,126,135,9
F,1968,Athletics,243,15,15,15,309,354,45
F,1968,Canoeing,29,3,3,3,26,35,9
F,1968,Cross Country Skiing,37,5,5,5,77,92,15
F,1968,Diving,36,2,2,2,40,46,6
F,1968,Equestrianism,22,1,3,2,36,42,6
F,1968,Fencing,58,6,6,6,70,88,18
F,1968,Figure Skating,50,2,2,2,44,50,6
F,1968,Gymnastics,101,11,10,12,554,587,33
F,1968,Luge,26,1,1,1,23,26,3
F,1968,Shooting,3,0,0,0,3,3,0
F,1968,Speed Skating,43,3,6,4,100,113,13
F,1968,Swimming,204,20,22,24,469,535,66
F,1968,Volleyball,87,12,9,11,55,87,32
F,1972,Alpine Skiing,50,3,3,3,116,125,9
F,1972,Archery,40,1,1,1,37,40,3
F,1972,Athletics,369,20,20,20,446,506,60
F,1972,Canoeing,56,4,4,4,49,61,12
F,1972,Cross Country Skiing,48,5,5,5,103,118,15
F,1972,Diving,41,2,2,2,51,57,6
F,1972,Equestrianism,31,3,5,4,45,57,12
F,1972,Fencing,65,5,6,6,80,97,17
F,1972,Figure Skating,35,2,2,2,29,35,6
F,1972,Gymnastics,118,10,12,11,671,704,33
F,1972,Luge,22,1,1,1,19,22,3
F,1972,Shooting,4,0,0,0,4,4,0
F,1972,Speed Skating,51,4,4,4,103,115,12
F,1972,Swimming,243,23,22,27,501,573,72
F,1972,Volleyball,91,11,12,12,56,91,35
F,1976,Alpine Skiing,56,3,3,3,116,125,9
F,1976,Archery,27,1,1,1,24,27,3
F,1976,Athletics,302,20,20,20,358,418,60
F,1976,Basketball,72,12,12,12,36,72,36
F,1976,Canoeing,39,3,3,3,34,43,9
F,1976,Cross Country Skiing,51,6,6,6,106,124,18
F,1976,Diving,39,2,2,2,46,52,6
F,1976,Equestrianism,24,3,2,3,37,45,8
F,1976,Fencing,70,6,6,6,91,109,18
F,1976,Figure Skating,53,3,3,3,44,53,9
F,1976,Gymnastics,86,10,12,11,469,502,33
F,1976,Handball,82,14,14,14,40,82,42
F,1976,Luge,26,1,1,1,23,26,3
F,1976,Rowing,205,24,24,24,138,210,72
F,1976,Sailing,1,0,0,0,1,1,0
F,1976,Shooting,8,0,1,0,8,9,1
F,1976,Speed Skating,45,4,4,4,94,106,12
F,1976,Swimming,208,21,21,23,440,505,65
F,1976,Volleyball,96,12,12,12,60,96,36
F,1980,Alpine Skiing,66,3,3,3,114,123,9
F,1980,Archery,29,1,1,1,26,29,3
F,1980,Athletics,266,20,20,22,312,374,62
F,1980,Basketball,72,12,12,12,36,72,36
F,1980,Canoeing,32,3,3,3,26,35,9
F,1980,Cross Country Skiing,45,6,6,6,90,108,18
F,1980,Diving,33,2,2,2,35,41,6
F,1980,Equestrianism,9,1,2,2,10,15,5
F,1980,Fencing,51,6,6,6,60,78,18
F,1980,Figure Skating,44,3,3,3,36,45,9
F,1980,Gymnastics,62,13,11,12,322,358,36
F,1980,Handball,82,14,14,13,41,82,41
F,1980,Hockey,91,16,16,15,44,91,47
F,1980,Luge,26,1,1,1,23,26,3
F,1980,Rowing,157,25,25,25,84,159,75
F,1980,Sailing,1,0,0,0,1,1,0
F,1980,Shooting,5,0,0,0,6,6,0
F,1980,Speed Skating,54,4,4,4,116,128,12
F,1980,Swimming,143,21,21,21,262,325,63
F,1980,Volleyball,90,10,12,11,57,90,33
F,1984,Alpine Skiing,76,3,3,3,122,131,9
F,1984,Archery,47,1,1,1,44,47,3
F,1984,Athletics,385,26,24,25,432,507,75
F,1984,Basketball,71,12,11,12,36,71,35
F,1984,Canoeing,37,7,7,7,38,59,21
F,1984,Cross Country Skiing,65,7,7,7,171,192,21
F,1984,Cycling,45,1,1,1,42,45,3
F,1984,Diving,35,2,2,2,39,45,6
F,1984,Equestrianism,47,6,7,4,71,88,17
F,1984,Fencing,60,6,6,6,72,90,18
F,1984,Figure Skating,57,3,3,3,48,57,9
F,1984,Gymnastics,65,11,9,13,346,379,33
F,1984,Handball,82,13,13,15,41,82,41
F,1984,Hockey,96,16,16,16,48,96,48
F,1984,Luge,27,1,1,1,24,27,3
F,1984,Rhythmic Gymnastics,33,1,1,1,30,33,3
F,1984,Rowing,161,24,24,24,107,179,72
F,1984,Sailing,2,0,0,0,2,2,0
F,1984,Shooting,77,3,3,3,83,92,9
F,1984,Speed Skating,52,4,4,4,117,129,12
F,1984,Swimming,186,20,20,27,389,456,67
F,1984,Synchronized Swimming,50,3,3,3,77,86,9
F,1984,Volleyball,90,12,12,10,56,90,34
F,1988,Alpine Skiing,95,5,5,5,226,241,15
F,1988,Archery,62,4,4,4,95,107,12
F,1988,Athletics,555,25,26,26,661,738,77
F,1988,Basketball,93,12,12,12,57,93,36
F,1988,Canoeing,64,7,7,7,76,97,21
F,1988,Cross Country Skiing,77,7,7,7,189,210,21
F,1988,Cycling,64,2,2,2,59,65,6
F,1988,Diving,40,2,2,2,41,47,6
F,1988,Equestrianism,54,8,6,4,81,99,18
F,1988,Fencing,69,6,6,6,87,105,18
F,1988,Figure Skating,66,3,3,3,57,66,9
F,1988,Gymnastics,90,12,11,11,488,522,34
F,1988,Handball,111,15,14,12,70,111,41
F,1988,Hockey,124,16,16,16,76,124,48
F,1988,Luge,24,1,1,1,21,24,3
F,1988,Rhythmic Gymnastics,39,1,1,1,36,39,3
F,1988,Rowing,194,26,26,23,140,215,75
F,1988,Sailing,44,2,2,2,38,44,6
F,1988,Shooting,110,4,4,4,151,163,12
F,1988,Speed Skating,53,5,5,5,124,139,15
F,1988,Swimming,252,26,25,25,572,648,76
F,1988,Synchronized Swimming,46,3,3,3,67,76,9
F,1988,Table Tennis,48,3,3,3,69,78,9
F,1988,Tennis,48,6,3,3,64,76,12
F,1988,Volleyball,95,11,12,12,60,95,35
F,1992,Alpine Skiing,111,4,6,5,246,261,15
F,1992,Archery,61,4,4,4,100,112,12
F,1992,Athletics,622,25,27,28,679,759,80
F,1992,Badminton,83,6,3,3,97,109,12
F,1992,Basketball,94,12,11,12,59,94,35
F,1992,Biathlon,80,5,5,5,170,185,15
F,1992,Canoeing,105,8,8,8,118,142,24
F,1992,Cross Country Skiing,84,8,8,8,258,282,24
F,1992,Cycling,75,3,3,3,77,86,9
F,1992,Diving,54,2,2,2,51,57,6
F,1992,Equestrianism,67,2,6,5,110,123,13
F,1992,Fencing,71,6,6,6,88,106,18
F,1992,Figure Skating,66,3,3,3,57,66,9
F,1992,Freestyle Skiing,24,1,1,1,21,24,3
F,1992,Gymnastics,92,12,11,12,497,532,35
F,1992,Handball,113,13,14,13,73,113,40
F,1992,Hockey,125,16,16,15,78,125,47
F,1992,Judo,163,14,7,7,135,163,28
F,1992,Luge,24,1,1,1,21,24,3
F,1992,Rhythmic Gymnastics,42,1,1,1,39,42,3
F,1992,Rowing,190,22,22,22,145,211,66
F,1992,Sailing,84,4,4,4,72,84,12
F,1992,Shooting,117,4,4,5,166,179,13
F,1992,Short Track Speed Skating,42,5,5,5,44,59,15
F,1992,Speed Skating,59,5,5,5,138,153,15
F,1992,Swimming,254,24,25,27,569,645,76
F,1992,Synchronized Swimming,53,3,2,4,80,89,9
F,1992,Table Tennis,79,6,3,3,112,124,12
F,1992,Tennis,87,6,3,3,114,126,12
F,1992,Volleyball,89,12,8,10,59,89,30
F,1994,Alpine Skiing,110,5,5,5,231,246,15
F,1994,Biathlon,94,6,6,6,188,206,18
F,1994,Cross Country Skiing,80,8,8,8,256,280,24
F,1994,Figure Skating,66,3,3,3,57,66,9
F,1994,Freestyle Skiing,45,2,2,2,40,46,6
F,1994,Luge,25,1,1,1,22,25,3
F,1994,Short Track Speed Skating,41,6,6,6,75,93,18
F,1994,Speed Skating,61,5,5,5,128,143,15
F,1996,Archery,64,4,4,4,97,109,12
F,1996,Athletics,754,28,27,28,812,895,83
F,1996,Badminton,95,4,4,4,120,132,12
F,1996,Basketball,143,12,12,12,107,143,36
F,1996,Beach Volleyball,36,2,2,2,30,36,6
F,1996,Canoeing,121,8,8,8,133,157,24
F,1996,Cycling,111,6,6,6,142,160,18
F,1996,Diving,56,2,2,2,57,63,6
F,1996,Equestrianism,66,4,9,5,84,102,18
F,1996,Fencing,88,8,8,8,130,154,24
F,1996,Football,124,16,15,15,78,124,46
F,1996,Gymnastics,105,11,13,12,540,576,36
F,1996,Handball,118,16,16,15,71,118,47
F,1996,Hockey,128,16,16,16,80,128,48
F,1996,Judo,151,14,7,7,123,151,28
F,1996,Rhythmic Gymnastics,90,7,7,7,69,90,21
F,1996,Rowing,205,20,20,20,156,216,60
F,1996,Sailing,99,4,4,4,87,99,12
F,1996,Shooting,125,5,5,5,171,186,15
F,1996,Softball,120,15,15,15,75,120,45
F,1996,Swimming,344,27,29,34,699,789,90
F,1996,Synchronized Swimming,72,9,9,10,44,72,28
F,1996,Table Tennis,80,3,3,3,115,124,9
F,1996,Tennis,83,3,3,3,111,120,9
F,1996,Volleyball,134,12,9,10,103,134,31
F,1998,Alpine Skiing,108,5,5,5,209,224,15
F,1998,Biathlon,87,6,6,6,178,196,18
F,1998,Cross Country Skiing,102,8,8,8,316,340,24
F,1998,Curling,40,5,5,5,25,40,15
F,1998,Figure Skating,72,3,3,3,63,72,9
F,1998,Freestyle Skiing,52,2,2,2,46,52,6
F,1998,Ice Hockey,120,20,20,20,60,120,60
F,1998,Luge,29,1,1,1,26,29,3
F,1998,Short Track Speed Skating,45,6,6,6,78,96,18
F,1998,Snowboarding,56,2,2,2,51,57,6
F,1998,Speed Skating,79,5,5,5,143,158,15
F,2000,Archery,64,4,4,4,88,100,12
F,2000,Athletics,880,31,32,29,939,1031,92
F,2000,Badminton,85,4,4,4,107,119,12
F,2000,Basketball,142,12,12,11,107,142,35
F,2000,Beach Volleyball,48,2,2,2,42,48,6
F,2000,Canoeing,81,8,8,8,79,103,24
F,2000,Cycling,121,7,7,7,147,168,21
F,2000,Diving,77,6,6,6,97,115,18
F,2000,Equestrianism,67,6,7,5,82,100,18
F,2000,Fencing,83,8,9,9,108,134,26
F,2000,Football,124,17,13,17,77,124,47
F,2000,Gymnastics,97,11,11,11,469,502,33
F,2000,Handball,146,15,15,15,101,146,45
F,2000,Hockey,159,16,16,16,111,159,48
F,2000,Judo,161,14,7,7,133,161,28
F,2000,Modern Pentathlon,24,1,1,1,21,24,3
F,2000,Rhythmic Gymnastics,84,7,7,7,63,84,21
F,2000,Rowing,184,20,20,20,134,194,60
F,2000,Sailing,95,4,4,4,83,95,12
F,2000,Shooting,145,7,7,7,203,224,21
F,2000,Softball,120,15,15,15,75,120,45
F,2000,Swimming,393,30,31,33,651,745,94
F,2000,Synchronized Swimming,101,10,11,10,86,117,31
F,2000,Table Tennis,83,3,3,3,119,128,9
F,2000,Taekwondo,48,4,4,4,36,48,12
F,2000,Tennis,89,3,3,3,117,126,9
F,2000,Trampolining,12,1,1,1,9,12,3
F,2000,Triathlon,48,1,1,1,45,48,3
F,2000,Volleyball,138,12,12,8,106,138,32
F,2000,Water Polo,78,13,13,13,39,78,39
F,2000,Weightlifting,85,7,7,7,64,85,21
F,2002,Alpine Skiing,121,5,5,5,233,248,15
F,2002,Biathlon,88,7,7,7,236,257,21
F,2002,Bobsleigh,30,2,2,2,24,30,6
F,2002,Cross Country Skiing,107,9,9,9,327,354,27
F,2002,Curling,47,5,5,5,32,47,15
F,2002,Figure Skating,71,3,2,4,62,71,9
F,2002,Freestyle Skiing,50,2,2,2,44,50,6
F,2002,Ice Hockey,156,20,20,20,96,156,60
F,2002,Luge,29,1,1,1,26,29,3
F,2002,Short Track Speed Skating,51,8,7,7,98,120,22
F,2002,Skeleton,13,1,1,1,10,13,3
F,2002,Snowboarding,53,2,2,2,47,53,6
F,2002,Speed Skating,71,5,5,5,139,154,15
F,2004,Archery,64,4,4,4,97,109,12
F,2004,Athletics,915,28,30,30,912,1000,88
F,2004,Badminton,81,4,4,4,87,99,12
F,2004,Basketball,143,12,12,12,107,143,36
F,2004,Beach Volleyball,48,2,2,2,42,48,6
F,2004,Canoeing,94,8,8,8,88,112,24
F,2004,Cycling,130,7,7,7,156,177,21
F,2004,Diving,65,6,6,6,81,99,18
F,2004,Equestrianism,66,7,7,4,100,118,18
F,2004,Fencing,93,7,6,7,99,119,20
F,2004,Football,166,17,17,17,115,166,51
F,2004,Gymnastics,98,11,11,11,474,507,33
F,2004,Handball,149,15,15,15,104,149,45
F,2004,Hockey,160,16,16,16,112,160,48
F,2004,Judo,157,14,7,7,129,157,28
F,2004,Modern Pentathlon,32,1,1,1,29,32,3
F,2004,Rhythmic Gymnastics,84,7,7,7,63,84,21
F,2004,Rowing,193,20,20,20,135,195,60
F,2004,Sailing,139,7,7,7,118,139,21
F,2004,Shooting,137,7,7,7,178,199,21
F,2004,Softball,118,14,15,15,74,118,44
F,2004,Swimming,390,29,33,32,635,729,94
F,2004,Synchronized Swimming,101,11,11,11,84,117,33
F,2004,Table Tennis,82,3,3,3,116,125,9
F,2004,Taekwondo,60,4,4,4,48,60,12
F,2004,Tennis,83,3,3,3,119,128,9
F,2004,Trampolining,16,1,1,1,13,16,3
F,2004,Triathlon,50,1,1,1,47,50,3
F,2004,Volleyball,140,12,10,12,106,140,34
F,2004,Water Polo,101,12,13,13,63,101,38
F,2004,Weightlifting,85,7,7,7,64,85,21
F,2004,Wrestling,50,4,4,4,38,50,12
F,2006,Alpine Skiing,119,5,5,5,252,267,15
F,2006,Biathlon,97,8,8,8,301,325,24
F,2006,Bobsleigh,32,2,2,2,26,32,6
F,2006,Cross Country Skiing,124,10,10,10,336,366,30
F,2006,Curling,46,5,4,4,33,46,13
F,2006,Figure Skating,73,3,3,3,64,73,9
F,2006,Freestyle Skiing,53,2,2,2,47,53,6
F,2006,Ice Hockey,160,20,20,20,100,160,60
F,2006,Luge,30,1,1,1,27,30,3
F,2006,Short Track Speed Skating,52,7,8,8,100,123,23
F,2006,Skeleton,15,1,1,1,12,15,3
F,2006,Snowboarding,79,3,3,3,78,87,9
F,2006,Speed Skating,77,10,10,10,150,180,30
F,2008,Archery,64,4,4,4,82,94,12
F,2008,Athletics,973,30,32,30,975,1067,92
F,2008,Badminton,83,4,4,4,79,91,12
F,2008,Basketball,143,12,12,12,107,143,36
F,2008,Beach Volleyball,48,2,2,2,42,48,6
F,2008,Canoeing,95,8,8,8,96,120,24
F,2008,Cycling,147,7,7,7,163,184,21
F,2008,Diving,73,6,6,6,73,91,18
F,2008,Equestrianism,73,10,8,7,106,131,25
F,2008,Fencing,116,10,10,11,133,164,31
F,2008,Football,195,16,18,17,144,195,51
F,2008,Gymnastics,98,11,11,11,402,435,33
F,2008,Handball,171,14,14,14,129,171,42
F,2008,Hockey,191,16,16,16,143,191,48
F,2008,Judo,156,14,7,7,128,156,28
F,2008,Modern Pentathlon,36,1,1,1,33,36,3
F,2008,Rhythmic Gymnastics,95,7,7,7,74,95,21
F,2008,Rowing,191,20,20,20,138,198,60
F,2008,Sailing,136,7,7,7,115,136,21
F,2008,Shooting,145,6,6,6,196,214,18
F,2008,Softball,120,15,15,15,75,120,45
F,2008,Swimming,449,31,33,35,722,821,99
F,2008,Synchronized Swimming,102,11,10,11,85,117,32
F,2008,Table Tennis,82,4,1,4,110,119,9
F,2008,Taekwondo,63,8,4,4,47,63,16
F,2008,Tennis,83,3,3,3,117,126,9
F,2008,Trampolining,16,1,1,1,13,16,3
F,2008,Triathlon,55,1,1,1,52,55,3
F,2008,Volleyball,140,12,12,12,104,140,36
F,2008,Water Polo,103,13,13,12,65,103,38
F,2008,Weightlifting,87,7,7,7,66,87,21
F,2008,Wrestling,66,8,4,4,50,66,16
F,2010,Alpine Skiing,133,5,5,5,289,304,15
F,2010,Biathlon,99,8,8,8,317,341,24
F,2010,Bobsleigh,42,2,2,2,36,42,6
F,2010,Cross Country Skiing,129,10,10,10,321,351,30
F,2010,Curling,46,4,5,4,33,46,13
F,2010,Figure Skating,73,3,3,3,64,73,9
F,2010,Freestyle Skiing,85,3,3,3,76,85,9
F,2010,Ice Hockey,160,19,21,21,99,160,61
F,2010,Luge,29,1,1,1,26,29,3
F,2010,Short Track Speed Skating,55,8,7,7,114,136,22
F,2010,Skeleton,19,1,1,1,16,19,3
F,2010,Snowboarding,81,3,3,3,72,81,9
F,2010,Speed Skating,83,8,8,9,155,180,25
F,2012,Archery,64,4,4,4,88,100,12
F,2012,Athletics,990,30,33,33,1000,1096,96
F,2012,Badminton,83,4,4,4,79,91,12
F,2012,Basketball,143,12,12,12,107,143,36
F,2012,Beach Volleyball,48,2,2,2,42,48,6
F,2012,Boxing,36,6,3,3,24,36,12
F,2012,Canoeing,110,9,9,9,124,151,27
F,2012,Cycling,180,12,13,12,205,242,37
F,2012,Diving,68,6,6,6,70,88,18
F,2012,Equestrianism,77,6,9,5,112,132,20
F,2012,Fencing,123,11,11,11,141,174,33
F,2012,Football,200,18,18,17,147,200,53
F,2012,Gymnastics,96,10,10,10,348,378,30
F,2012,Handball,171,15,14,14,128,171,43
F,2012,Hockey,191,16,15,16,144,191,47
F,2012,Judo,153,14,7,7,125,153,28
F,2012,Modern Pentathlon,36,1,1,1,33,36,3
F,2012,Rhythmic Gymnastics,95,7,7,7,74,95,21
F,2012,Rowing,196,20,20,20,137,197,60
F,2012,Sailing,141,7,7,7,120,141,21
F,2012,Shooting,158,6,6,6,209,227,18
F,2012,Swimming,447,30,32,35,673,770,97
F,2012,Synchronized Swimming,101,10,11,11,85,117,32
F,2012,Table Tennis,85,0,4,4,106,114,8
F,2012,Taekwondo,64,8,4,4,48,64,16
F,2012,Tennis,89,4,4,4,130,142,12
F,2012,Trampolining,16,1,1,1,13,16,3
F,2012,Triathlon,55,1,1,1,52,55,3
F,2012,Volleyball,143,12,12,12,107,143,36
F,2012,Water Polo,102,13,12,12,65,102,37
F,2012,Weightlifting,102,7,7,7,81,102,21
F,2012,Wrestling,76,8,4,4,60,76,16
F,2014,Alpine Skiing,130,5,4,6,288,303,15
F,2014,Biathlon,99,10,10,10,323,353,30
F,2014,Bobsleigh,39,2,2,2,33,39,6
F,2014,Cross Country Skiing,125,10,10,10,318,348,30
F,2014,Curling,43,4,4,4,31,43,12
F,2014,Figure Skating,74,7,7,8,89,111,22
F,2014,Freestyle Skiing,123,5,5,5,108,123,15
F,2014,Ice Hockey,158,19,20,20,99,158,59
F,2014,Luge,31,2,2,2,37,43,6
F,2014,Short Track Speed Skating,50,7,7,8,112,134,22
F,2014,Skeleton,19,1,1,1,16,19,3
F,2014,Ski Jumping,30,1,1,1,27,30,3
F,2014,Snowboarding,103,5,5,5,123,138,15
F,2014,Speed Skating,83,9,9,9,154,181,27
F,2016,Archery,64,4,4,4,88,100,12
F,2016,Athletics,1083,30,33,32,1112,1207,95
F,2016,Badminton,85,4,4,4,75,87,12
F,2016,Basketball,140,12,12,12,104,140,36
F,2016,Beach Volleyball,48,2,2,2,42,48,6
F,2016,Boxing,36,6,3,3,24,36,12
F,2016,Canoeing,112,9,9,9,135,162,27
F,2016,Cycling,192,14,13,13,227,267,40
F,2016,Diving,68,6,6,6,71,89,18
F,2016,Equestrianism,75,5,8,5,113,131,18
F,2016,Fencing,124,11,11,11,141,174,33
F,2016,Football,203,18,18,18,149,203,54
F,2016,Golf,60,1,1,1,57,60,3
F,2016,Gymnastics,98,10,10,10,353,383,30
F,2016,Handball,176,14,16,15,131,176,45
F,2016,Hockey,194,17,16,16,145,194,49
F,2016,Judo,152,14,7,7,124,152,28
F,2016,Modern Pentathlon,36,1,1,1,33,36,3
F,2016,Rhythmic Gymnastics,96,6,6,6,78,96,18
F,2016,Rowing,214,20,20,20,158,218,60
F,2016,Rugby Sevens,148,12,12,12,112,148,36
F,2016,Sailing,156,7,7,7,135,156,21
F,2016,Shooting,149,6,6,6,192,210,18
F,2016,Swimming,437,30,32,35,663,760,97
F,2016,Synchronized Swimming,102,10,11,11,86,118,32
F,2016,Table Tennis,83,4,4,4,101,113,12
F,2016,Taekwondo,64,8,4,4,48,64,16
F,2016,Tennis,91,4,4,4,131,143,12
F,2016,Trampolining,16,1,1,1,13,16,3
F,2016,Triathlon,55,1,1,1,52,55,3
F,2016,Volleyball,142,12,12,12,106,142,36
F,2016,Water Polo,104,13,13,13,65,104,39
F,2016,Weightlifting,103,7,7,7,82,103,21
F,2016,Wrestling,112,12,6,6,88,112,24
M,1896,Athletics,63,12,13,12,69,106,37
M,1896,Cycling,19,4,6,6,25,41,16
M,1896,Fencing,15,3,3,3,6,15,9
M,1896,Gymnastics,28,5,6,26,60,97,37
M,1896,Shooting,38,5,5,5,50,65,15
M,1896,Swimming,13,2,4,4,8,18,10
M,1896,Tennis,13,4,3,3,13,23,10
M,1896,Weightlifting,7,2,2,2,4,10,6
M,1896,Wrestling,5,1,1,1,2,5,3
M,1900,Archery,23,5,8,7,12,32,20
M,1900,Athletics,119,22,27,27,158,234,76
M,1900,Basque Pelota,2,0,0,2,0,2,2
M,1900,Cricket,24,0,12,12,0,24,24
M,1900,Croquet,7,2,2,4,5,13,8
M,1900,Cycling,72,3,3,3,83,92,9
M,1900,Equestrianism,56,5,4,6,62,77,15
M,1900,Fencing,260,7,7,7,296,317,21
M,1900,Football,35,11,13,11,0,35,35
M,1900,Golf,12,1,1,1,9,12,3
M,1900,Gymnastics,135,1,1,1,132,135,3
M,1900,Polo,20,8,4,5,4,21,17
M,1900,Rowing,99,24,21,23,65,133,68
M,1900,Rugby,47,0,30,17,0,47,47
M,1900,Sailing,95,32,43,28,174,277,103
M,1900,Shooting,72,16,17,16,172,221,49
M,1900,Swimming,76,10,11,10,100,131,31
M,1900,Tennis,19,8,4,4,19,35,16
M,1900,Tug-Of-War,12,0,6,6,0,12,12
M,1900,Water Polo,53,15,10,7,21,53,32
M,1904,Archery,23,6,6,6,36,54,18
M,1904,Athletics,116,23,28,28,122,201,79
M,1904,Boxing,18,4,7,7,6,24,18
M,1904,Cycling,18,7,7,7,40,61,21
M,1904,Diving,5,1,1,1,2,5,3
M,1904,Fencing,11,4,7,7,10,28,18
M,1904,Football,36,12,11,13,0,36,36
M,1904,Golf,77,12,11,11,71,105,34
M,1904,Gymnastics,121,17,15,19,407,458,51
M,1904,Lacrosse,36,12,12,12,0,36,36
M,1904,Roque,4,1,1,1,1,4,3
M,1904,Rowing,44,9,18,18,1,46,45
M,1904,Swimming,32,13,13,13,25,64,39
M,1904,Tennis,36,6,3,3,45,57,12
M,1904,Tug-Of-War,30,5,5,5,15,30,15
M,1904,Water Polo,21,7,7,7,0,21,21
M,1904,Weightlifting,5,2,2,2,1,7,6
M,1904,Wrestling,42,7,7,7,27,48,21
M,1906,Athletics,233,21,23,21,405,470,65
M,1906,Cycling,45,7,7,7,117,138,21
M,1906,Diving,24,1,1,1,21,24,3
M,1906,Fencing,62,13,14,14,120,161,41
M,1906,Football,45,11,11,12,11,45,34
M,1906,Gymnastics,104,12,21,23,100,156,56
M,1906,Rowing,167,35,36,36,93,200,107
M,1906,Shooting,68,16,16,16,272,320,48
M,1906,Swimming,43,7,7,7,57,78,21
M,1906,Tennis,21,4,4,4,25,37,12
M,1906,Tug-Of-War,32,8,8,8,8,32,24
M,1906,Weightlifting,13,4,2,2,14,22,8
M,1906,Wrestling,36,4,4,4,27,39,12
M,1908,Archery,32,2,2,2,46,52,6
M,1908,Athletics,431,33,34,34,677,778,101
M,1908,Boxing,42,5,5,5,27,42,15
M,1908,Cycling,97,10,10,10,239,269,30
M,1908,Diving,39,3,2,2,40,47,7
M,1908,Fencing,131,14,13,14,199,240,41
M,1908,Figure Skating,14,3,3,3,6,15,9
M,1908,Football,72,12,13,11,36,72,36
M,1908,Gymnastics,325,27,31,39,252,349,97
M,1908,Hockey,68,22,12,11,23,68,45
M,1908,Jeu De Paume,11,1,1,1,8,11,3
M,1908,Lacrosse,24,0,12,12,0,24,24
M,1908,Motorboating,13,0,0,7,9,16,7
M,1908,Polo,12,0,8,4,0,12,12
M,1908,Racquets,7,4,3,3,2,12,10
M,1908,Rowing,81,32,16,16,23,87,64
M,1908,Rugby,30,0,15,15,0,30,30
M,1908,Sailing,63,8,18,21,16,63,47
M,1908,Shooting,215,36,39,39,330,444,114
M,1908,Swimming,100,9,9,9,123,150,27
M,1908,Tennis,40,6,6,6,54,72,18
M,1908,Tug-Of-War,40,8,8,8,16,40,24
M,1908,Water Polo,28,7,7,7,7,28,21
M,1908,Wrestling,115,9,9,9,106,133,27
M,1912,Art Competitions,33,0,1,6,26,33,7
M,1912,Athletics,534,42,48,53,819,962,143
M,1912,Cycling,123,10,13,13,206,242,36
M,1912,Diving,43,3,3,3,63,72,9
M,1912,Equestrianism,62,11,11,11,95,128,33
M,1912,Fencing,185,14,16,17,332,379,47
M,1912,Football,163,15,15,14,119,163,44
M,1912,Gymnastics,249,66,65,67,112,310,198
M,1912,Modern Pentathlon,32,1,1,1,29,32,3
M,1912,Rowing,184,26,20,20,131,197,66
M,1912,Sailing,109,22,25,26,36,109,73
M,1912,Shooting,284,48,48,48,650,794,144
M,1912,Swimming,93,10,10,10,128,158,30
M,1912,Tennis,67,8,8,8,119,143,24
M,1912,Tug-Of-War,16,0,8,8,0,16,16
M,1912,Water Polo,45,9,7,7,22,45,23
M,1912,Wrestling,170,5,6,4,155,170,15
M,1920,Archery,30,10,29,41,6,86,80
M,1920,Art Competitions,10,3,4,3,0,10,10
M,1920,Athletics,509,44,45,44,716,849,133
M,1920,Boxing,116,8,8,8,92,116,24
M,1920,Cycling,103,13,13,13,173,212,39
M,1920,Diving,35,3,3,3,42,51,9
M,1920,Equestrianism,89,14,14,14,90,132,42
M,1920,Fencing,149,22,22,28,278,350,72
M,1920,Figure Skating,14,2,2,2,11,17,6
M,1920,Football,190,14,18,14,144,190,46
M,1920,Gymnastics,249,51,75,72,65,263,198
M,1920,Hockey,51,14,12,14,11,51,40
M,1920,Ice Hockey,60,8,11,8,33,60,27
M,1920,Modern Pentathlon,23,1,1,1,20,23,3
M,1920,Polo,17,4,5,4,4,17,13
M,1920,Rowing,136,20,20,20,84,144,60
M,1920,Rugby,31,0,15,16,0,31,31
M,1920,Sailing,100,8,24,63,5,100,95
M,1920,Shooting,236,66,66,66,640,838,198
M,1920,Swimming,92,10,11,10,131,162,31
M,1920,Tennis,52,4,4,4,89,101,12
M,1920,Tug-Of-War,40,8,8,8,16,40,24
M,1920,Water Polo,101,10,8,7,76,101,25
M,1920,Weightlifting,53,5,5,5,38,53,15
M,1920,Wrestling,152,11,10,10,130,161,31
M,1924,Alpinism,21,0,0,21,0,21,21
M,1924,Art Competitions,168,6,5,3,271,285,14
M,1924,Athletics,659,43,43,43,874,1003,129
M,1924,Bobsleigh,39,5,4,4,26,39,13
M,1924,Boxing,181,8,8,8,157,181,24
M,1924,Cross Country Skiing,59,2,2,2,68,74,6
M,1924,Curling,16,4,8,4,0,16,16
M,1924,Cycling,139,13,13,13,210,249,39
M,1924,Diving,45,3,3,3,53,62,9
M,1924,Equestrianism,97,11,11,11,161,194,33
M,1924,Fencing,215,20,23,26,330,399,69
M,1924,Figure Skating,16,2,2,2,14,20,6
M,1924,Football,279,18,15,14,232,279,47
M,1924,Gymnastics,72,16,17,16,589,638,49
M,1924,Ice Hockey,82,10,9,9,54,82,28
M,1924,Military Ski Patrol,24,4,4,4,12,24,12
M,1924,Modern Pentathlon,38,1,1,1,35,38,3
M,1924,Nordic Combined,30,1,1,1,27,30,3
M,1924,Polo,24,4,4,5,11,24,13
M,1924,Rowing,181,24,26,27,119,196,77
M,1924,Rugby,54,16,19,19,0,54,54
M,1924,Sailing,64,9,9,9,41,68,27
M,1924,Shooting,258,25,25,25,433,508,75
M,1924,Ski Jumping,27,1,1,1,24,27,3
M,1924,Speed Skating,31,6,5,5,94,110,16
M,1924,Swimming,118,11,10,10,149,180,31
M,1924,Tennis,89,4,4,4,167,179,12
M,1924,Water Polo,101,9,11,7,74,101,27
M,1924,Weightlifting,107,5,5,5,92,107,15
M,1924,Wrestling,229,13,13,13,205,244,39
M,1928,Art Competitions,332,9,9,9,726,753,27
M,1928,Athletics,611,28,28,28,779,863,84
M,1928,Bobsleigh,116,5,5,5,101,116,15
M,1928,Boxing,144,8,8,8,120,144,24
M,1928,Cross Country Skiing,74,2,2,2,84,90,6
M,1928,Cycling,149,13,14,13,187,227,40
M,1928,Diving,38,2,2,2,41,47,6
M,1928,Equestrianism,113,12,12,12,196,232,36
M,1928,Fencing,232,20,21,21,341,403,62
M,1928,Figure Skating,23,2,2,2,24,30,6
M,1928,Football,219,17,16,17,169,219,50
M,1928,Gymnastics,88,14,14,14,566,608,42
M,1928,Hockey,137,19,11,14,93,137,44
M,1928,Ice Hockey,124,12,12,12,88,124,36
M,1928,Modern Pentathlon,37,1,1,1,34,37,3
M,1928,Nordic Combined,35,1,1,1,32,35,3
M,1928,Rowing,244,26,26,26,169,247,78
M,1928,Sailing,125,12,11,10,93,126,33
M,1928,Skeleton,10,1,1,1,7,10,3
M,1928,Ski Jumping,38,1,1,1,35,38,3
M,1928,Speed Skating,40,5,2,4,95,106,11
M,1928,Swimming,110,9,10,11,140,170,30
M,1928,Water Polo,112,9,7,8,88,112,24
M,1928,Weightlifting,94,5,4,6,79,94,15
M,1928,Wrestling,166,13,13,13,130,169,39
M,1932,Alpinism,2,0,0,2,0,2,2
M,1932,Art Competitions,513,6,7,10,943,966,23
M,1932,Athletics,332,29,29,29,355,442,87
M,1932,Bobsleigh,41,6,6,6,34,52,18
M,1932,Boxing,85,8,8,8,61,85,24
M,1932,Cross Country Skiing,58,2,2,2,68,74,6
M,1932,Cycling,66,12,12,12,73,109,36
M,1932,Diving,17,2,2,2,15,21,6
M,1932,Equestrianism,31,6,9,9,41,65,24
M,1932,Fencing,91,21,20,21,113,175,62
M,1932,Figure Skating,18,2,2,2,13,19,6
M,1932,Gymnastics,46,15,15,15,102,147,45
M,1932,Hockey,40,14,11,15,0,40,40
M,1932,Ice Hockey,48,10,14,14,10,48,38
M,1932,Modern Pentathlon,25,1,1,1,22,25,3
M,1932,Nordic Combined,33,1,1,1,30,33,3
M,1932,Rowing,152,26,26,26,88,166,78
M,1932,Sailing,54,7,14,19,17,57,40
M,1932,Shooting,41,2,2,2,38,44,6
M,1932,Ski Jumping,34,1,1,1,31,34,3
M,1932,Speed Skating,31,4,4,4,58,70,12
M,1932,Swimming,84,9,9,9,91,118,27
M,1932,Water Polo,41,7,8,10,16,41,25
M,1932,Weightlifting,29,5,5,5,14,29,15
M,1932,Wrestling,79,14,14,14,48,90,42
M,1936,Aeronautics,1,0,0,1,0,1,1
M,1936,Alpine Skiing,66,1,1,1,63,66,3
M,1936,Alpinism,1,0,0,1,0,1,1
M,1936,Art Competitions,496,12,13,10,726,761,35
M,1936,Athletics,678,29,29,29,786,873,87
M,1936,Basketball,199,11,9,14,165,199,34
M,1936,Bobsleigh,95,6,6,6,100,118,18
M,1936,Boxing,179,8,8,8,155,179,24
M,1936,Canoeing,119,14,14,14,101,143,42
M,1936,Cross Country Skiing,109,6,6,6,157,175,18
M,1936,Cycling,175,13,13,13,262,301,39
M,1936,Diving,39,2,2,2,44,50,6
M,1936,Equestrianism,127,12,12,12,220,256,36
M,1936,Fencing,270,21,21,21,452,515,63
M,1936,Figure Skating,41,2,2,2,37,43,6
M,1936,Football,201,14,13,14,160,201,41
M,1936,Gymnastics,111,16,15,15,837,883,46
M,1936,Handball,105,17,22,22,44,105,61
M,1936,Hockey,167,12,22,19,114,167,53
M,1936,Ice Hockey,173,11,13,12,137,173,36
M,1936,Modern Pentathlon,42,1,1,1,39,42,3
M,1936,Nordic Combined,51,1,1,1,48,51,3
M,1936,Polo,21,4,4,4,9,21,12
M,1936,Rowing,314,26,26,26,270,348,78
M,1936,Sailing,169,13,14,14,128,169,41
M,1936,Shooting,141,3,3,3,153,162,9
M,1936,Ski Jumping,48,1,1,1,45,48,3
M,1936,Speed Skating,52,4,4,4,128,140,12
M,1936,Swimming,154,9,11,9,200,229,29
M,1936,Water Polo,142,9,11,11,111,142,31
M,1936,Weightlifting,80,5,4,6,65,80,15
M,1936,Wrestling,200,14,14,14,168,210,42
M,1948,Alpine Skiing,127,4,3,3,257,267,10
M,1948,Art Competitions,277,10,12,7,364,393,29
M,1948,Athletics,600,30,30,30,724,814,90
M,1948,Basketball,287,10,14,14,249,287,38
M,1948,Bobsleigh,71,6,6,6,74,92,18
M,1948,Boxing,205,8,8,8,181,205,24
M,1948,Canoeing,100,12,12,12,93,129,36
M,1948,Cross Country Skiing,106,6,6,6,138,156,18
M,1948,Cycling,188,13,13,13,281,320,39
M,1948,Diving,39,2,2,2,46,52,6
M,1948,Equestrianism,103,12,12,12,171,207,36
M,1948,Fencing,255,21,21,21,406,469,63
M,1948,Figure Skating,27,2,2,2,25,31,6
M,1948,Football,218,13,15,12,178,218,40
M,1948,Gymnastics,123,17,14,17,924,972,48
M,1948,Hockey,187,12,12,20,143,187,44
M,1948,Ice Hockey,139,17,17,12,93,139,46
M,1948,Modern Pentathlon,45,1,1,1,42,45,3
M,1948,Nordic Combined,39,1,1,1,36,39,3
M,1948,Rowing,310,26,26,26,240,318,78
M,1948,Sailing,186,13,13,13,147,186,39
M,1948,Shooting,188,4,4,4,204,216,12
M,1948,Skeleton,15,1,1,1,12,15,3
M,1948,Ski Jumping,49,1,1,1,46,49,3
M,1948,Speed Skating,68,3,6,4,141,154,13
M,1948,Swimming,161,9,9,13,222,253,31
M,1948,Water Polo,156,9,11,9,127,156,29
M,1948,Weightlifting,120,6,6,6,102,120,18
M,1948,Wrestling,219,16,16,16,181,229,48
M,1952,Alpine Skiing,114,3,3,3,242,251,9
M,1952,Athletics,776,30,30,30,954,1044,90
M,1952,Basketball,294,12,14,14,254,294,40
M,1952,Bobsleigh,70,6,6,6,78,96,18
M,1952,Boxing,249,20,10,10,209,249,40
M,1952,Canoeing,146,12,12,12,135,171,36
M,1952,Cross Country Skiing,118,6,6,6,150,168,18
M,1952,Cycling,215,13,13,13,350,389,39
M,1952,Diving,51,2,2,2,61,67,6
M,1952,Equestrianism,130,11,11,12,223,257,34
M,1952,Fencing,249,21,21,21,409,472,63
M,1952,Figure Skating,26,2,2,2,21,27,6
M,1952,Football,294,12,11,15,256,294,38
M,1952,Gymnastics,185,14,18,15,1418,1465,47
M,1952,Hockey,157,13,11,14,119,157,38
M,1952,Ice Hockey,147,17,15,16,99,147,48
M,1952,Modern Pentathlon,51,4,4,4,87,99,12
M,1952,Nordic Combined,25,1,1,1,22,25,3
M,1952,Rowing,404,26,26,26,328,406,78
M,1952,Sailing,224,14,13,15,182,224,42
M,1952,Shooting,218,7,7,7,268,289,21
M,1952,Ski Jumping,44,1,1,1,41,44,3
M,1952,Speed Skating,67,5,4,4,132,145,13
M,1952,Swimming,200,9,9,13,268,299,31
M,1952,Water Polo,191,11,9,13,158,191,33
M,1952,Weightlifting,139,7,7,7,118,139,21
M,1952,Wrestling,244,16,16,16,214,262,48
M,1956,Alpine Skiing,124,3,3,3,250,259,9
M,1956,Athletics,571,31,31,30,701,793,92
M,1956,Basketball,159,12,12,12,123,159,36
M,1956,Bobsleigh,101,6,6,6,117,135,18
M,1956,Boxing,161,20,10,10,121,161,40
M,1956,Canoeing,103,12,12,12,100,136,36
M,1956,Cross Country Skiing,109,7,7,7,184,205,21
M,1956,Cycling,161,13,13,14,252,292,40
M,1956,Diving,33,2,2,2,40,46,6
M,1956,Equestrianism,145,10,8,12,245,275,30
M,1956,Fencing,142,19,21,21,194,255,61
M,1956,Figure Skating,27,2,2,2,21,27,6
M,1956,Football,143,14,14,18,97,143,46
M,1956,Gymnastics,63,14,14,14,441,483,42
M,1956,Hockey,156,11,14,17,114,156,42
M,1956,Ice Hockey,169,17,17,17,118,169,51
M,1956,Modern Pentathlon,40,4,4,4,64,76,12
M,1956,Nordic Combined,36,1,1,1,33,36,3
M,1956,Rowing,242,26,26,26,180,258,78
M,1956,Sailing,149,11,12,11,115,149,34
M,1956,Shooting,156,7,7,7,198,219,21
M,1956,Ski Jumping,51,1,1,1,48,51,3
M,1956,Speed Skating,83,4,3,5,167,179,12
M,1956,Swimming,136,10,12,13,166,201,35
M,1956,Water Polo,86,10,8,11,57,86,29
M,1956,Weightlifting,102,7,7,7,81,102,21
M,1956,Wrestling,173,16,16,16,147,195,48
M,1960,Alpine Skiing,82,3,3,3,182,191,9
M,1960,Athletics,812,30,30,30,952,1042,90
M,1960,Basketball,192,12,12,12,156,192,36
M,1960,Biathlon,30,1,1,1,27,30,3
M,1960,Boxing,281,20,10,10,241,281,40
M,1960,Canoeing,145,10,10,10,146,176,30
M,1960,Cross Country Skiing,88,7,7,7,156,177,21
M,1960,Cycling,297,13,13,13,384,423,39
M,1960,Diving,49,2,2,2,54,60,6
M,1960,Equestrianism,151,10,10,10,237,267,30
M,1960,Fencing,266,17,20,20,431,488,57
M,1960,Figure Skating,32,2,2,2,26,32,6
M,1960,Football,235,16,12,16,191,235,44
M,1960,Gymnastics,130,14,11,15,984,1024,40
M,1960,Hockey,236,14,13,13,196,236,40
M,1960,Ice Hockey,152,17,17,17,101,152,51
M,1960,Modern Pentathlon,60,4,4,4,99,111,12
M,1960,Nordic Combined,33,1,1,1,30,33,3
M,1960,Rowing,410,26,26,26,353,431,78
M,1960,Sailing,286,12,11,11,252,286,34
M,1960,Shooting,312,6,6,6,370,388,18
M,1960,Ski Jumping,45,1,1,1,42,45,3
M,1960,Speed Skating,73,4,3,5,149,161,12
M,1960,Swimming,236,18,17,20,326,381,55
M,1960,Water Polo,150,14,11,12,113,150,37
M,1960,Weightlifting,171,7,6,7,151,171,20
M,1960,Wrestling,324,16,16,16,289,337,48
M,1964,Alpine Skiing,119,3,3,3,267,276,9
M,1964,Athletics,782,30,30,30,902,992,90
M,1964,Basketball,189,12,12,12,153,189,36
M,1964,Biathlon,51,1,1,1,48,51,3
M,1964,Bobsleigh,81,6,6,6,99,117,18
M,1964,Boxing,269,20,10,10,229,269,40
M,1964,Canoeing,118,10,10,10,104,134,30
M,1964,Cross Country Skiing,113,7,7,7,220,241,21
M,1964,Cycling,303,14,14,14,409,451,42
M,1964,Diving,46,2,2,2,51,57,6
M,1964,Equestrianism,103,13,10,13,165,201,36
M,1964,Fencing,203,18,18,18,341,395,54
M,1964,Figure Skating,41,2,3,2,34,41,7
M,1964,Football,214,19,17,14,164,214,50
M,1964,Gymnastics,130,11,16,13,970,1010,40
M,1964,Hockey,226,14,16,15,181,226,45
M,1964,Ice Hockey,270,17,17,17,219,270,51
M,1964,Judo,72,8,4,4,56,72,16
M,1964,Luge,51,3,3,3,59,68,9
M,1964,Modern Pentathlon,37,4,4,4,58,70,12
M,1964,Nordic Combined,32,1,1,1,29,32,3
M,1964,Rowing,370,27,26,26,299,378,79
M,1964,Sailing,224,11,11,11,191,224,33
M,1964,Shooting,262,6,6,6,294,312,18
M,1964,Ski Jumping,57,2,2,2,99,105,6
M,1964,Speed Skating,91,3,6,4,160,173,13
M,1964,Swimming,243,21,19,28,393,461,68
M,1964,Volleyball,111,9,11,11,80,111,31
M,1964,Water Polo,137,11,11,12,103,137,34
M,1964,Weightlifting,149,7,7,7,128,149,21
M,1964,Wrestling,275,16,16,16,254,302,48
M,1968,Alpine Skiing,136,3,3,3,278,287,9
M,1968,Athletics,785,30,30,30,899,989,90
M,1968,Basketball,191,12,12,12,155,191,36
M,1968,Biathlon,72,5,5,5,101,116,15
M,1968,Bobsleigh,90,6,6,6,102,120,18
M,1968,Boxing,307,22,11,11,263,307,44
M,1968,Canoeing,155,10,10,10,138,168,30
M,1968,Cross Country Skiing,110,7,7,7,231,252,21
M,1968,Cycling,329,15,15,15,438,483,45
M,1968,Diving,45,2,2,2,57,63,6
M,1968,Equestrianism,103,12,10,11,158,191,33
M,1968,Fencing,217,18,18,18,348,402,54
M,1968,Figure Skating,46,2,2,2,40,46,6
M,1968,Football,273,16,18,17,222,273,51
M,1968,Gymnastics,117,13,12,14,870,909,39
M,1968,Hockey,253,16,14,13,210,253,43
M,1968,Ice Hockey,250,18,18,18,196,250,54
M,1968,Luge,59,3,3,3,71,80,9
M,1968,Modern Pentathlon,48,4,4,4,81,93,12
M,1968,Nordic Combined,41,1,1,1,38,41,3
M,1968,Rowing,353,26,26,27,279,358,79
M,1968,Sailing,251,11,11,11,219,252,33
M,1968,Shooting,347,7,7,7,384,405,21
M,1968,Ski Jumping,66,2,2,2,110,116,6
M,1968,Speed Skating,86,2,6,4,155,167,12
M,1968,Swimming,264,28,25,36,607,696,89
M,1968,Volleyball,119,12,11,12,84,119,35
M,1968,Water Polo,162,11,11,11,129,162,33
M,1968,Weightlifting,158,7,7,7,137,158,21
M,1968,Wrestling,297,16,16,16,285,333,48
M,1972,Alpine Skiing,93,3,3,3,191,200,9
M,1972,Archery,55,1,1,1,52,55,3
M,1972,Athletics,958,30,30,30,1085,1175,90
M,1972,Basketball,190,12,12,12,154,190,36
M,1972,Biathlon,62,5,5,5,91,106,15
M,1972,Bobsleigh,79,6,6,6,96,114,18
M,1972,Boxing,353,22,11,11,309,353,44
M,1972,Canoeing,274,14,14,14,256,298,42
M,1972,Cross Country Skiing,104,7,7,7,196,217,21
M,1972,Cycling,359,9,14,15,488,526,38
M,1972,Diving,50,2,2,2,61,67,6
M,1972,Equestrianism,148,11,9,10,239,269,30
M,1972,Fencing,234,18,18,18,348,402,54
M,1972,Figure Skating,32,2,2,2,27,33,6
M,1972,Football,269,36,17,17,199,269,70
M,1972,Gymnastics,113,13,13,13,841,880,39
M,1972,Handball,243,15,16,14,198,243,45
M,1972,Hockey,263,14,15,18,216,263,47
M,1972,Ice Hockey,208,18,17,20,153,208,55
M,1972,Judo,148,12,5,6,143,166,23
M,1972,Luge,61,3,1,5,76,85,9
M,1972,Modern Pentathlon,59,4,4,4,104,116,12
M,1972,Nordic Combined,40,1,1,1,37,40,3
M,1972,Rowing,440,26,26,26,364,442,78
M,1972,Sailing,323,13,14,13,283,323,40
M,1972,Shooting,393,8,8,8,444,468,24
M,1972,Ski Jumping,62,2,2,2,102,108,6
M,1972,Speed Skating,67,4,4,4,117,129,12
M,1972,Swimming,286,28,27,33,596,684,88
M,1972,Volleyball,140,12,12,12,104,140,36
M,1972,Water Polo,176,11,11,11,143,176,33
M,1972,Weightlifting,188,9,9,9,161,188,27
M,1972,Wrestling,388,20,20,20,349,409,60
M,1976,Alpine Skiing,125,3,3,3,256,265,9
M,1976,Archery,37,1,1,1,34,37,3
M,1976,Athletics,703,29,29,29,791,878,87
M,1976,Basketball,141,12,12,12,105,141,36
M,1976,Biathlon,74,5,5,5,97,112,15
M,1976,Bobsleigh,92,6,6,6,115,133,18
M,1976,Boxing,266,22,11,11,222,266,44
M,1976,Canoeing,206,16,16,16,249,297,48
M,1976,Cross Country Skiing,113,7,7,7,250,271,21
M,1976,Cycling,295,12,12,12,356,392,36
M,1976,Diving,41,2,2,2,47,53,6
M,1976,Equestrianism,111,11,12,11,167,201,34
M,1976,Fencing,211,18,18,18,322,376,54
M,1976,Figure Skating,52,3,3,3,43,52,9
M,1976,Football,202,15,17,17,153,202,49
M,1976,Gymnastics,90,15,13,13,661,702,41
M,1976,Handball,161,14,14,14,119,161,42
M,1976,Hockey,172,16,15,14,127,172,45
M,1976,Ice Hockey,217,18,19,18,162,217,55
M,1976,Judo,135,12,6,6,129,153,24
M,1976,Luge,68,3,3,3,84,93,9
M,1976,Modern Pentathlon,47,4,4,4,77,89,12
M,1976,Nordic Combined,34,1,1,1,31,34,3
M,1976,Rowing,388,30,30,31,297,388,91
M,1976,Sailing,256,12,12,12,220,256,36
M,1976,Shooting,335,7,6,7,339,359,20
M,1976,Ski Jumping,62,2,2,2,103,109,6
M,1976,Speed Skating,66,5,5,5,126,141,15
M,1976,Swimming,263,21,22,25,503,571,68
M,1976,Volleyball,120,12,12,12,84,120,36
M,1976,Water Polo,131,10,11,11,99,131,32
M,1976,Weightlifting,172,9,9,9,145,172,27
M,1976,Wrestling,330,20,20,20,289,349,60
M,1980,Alpine Skiing,108,3,3,3,195,204,9
M,1980,Archery,38,1,1,1,35,38,3
M,1980,Athletics,694,29,31,31,803,894,91
M,1980,Basketball,143,12,12,12,107,143,36
M,1980,Biathlon,76,6,6,6,141,159,18
M,1980,Bobsleigh,78,6,6,6,90,108,18
M,1980,Boxing,271,22,11,11,227,271,44
M,1980,Canoeing,148,16,16,16,170,218,48
M,1980,Cross Country Skiing,85,7,6,7,181,201,20
M,1980,Cycling,230,12,12,13,270,307,37
M,1980,Diving,34,2,2,2,41,47,6
M,1980,Equestrianism,59,13,12,12,70,107,37
M,1980,Fencing,136,17,18,18,190,243,53
M,1980,Figure Skating,40,3,3,3,31,40,9
M,1980,Football,256,17,17,16,206,256,50
M,1980,Gymnastics,65,13,13,13,469,508,39
M,1980,Handball,166,14,14,14,124,166,42
M,1980,Hockey,96,16,16,16,48,96,48
M,1980,Ice Hockey,239,20,20,19,180,239,59
M,1980,Judo,182,16,8,8,161,193,32
M,1980,Luge,54,3,3,3,59,68,9
M,1980,Modern Pentathlon,43,4,4,4,67,79,12
M,1980,Nordic Combined,31,1,1,1,28,31,3
M,1980,Rowing,313,30,30,30,239,329,90
M,1980,Sailing,155,12,12,12,119,155,36
M,1980,Shooting,234,7,7,7,240,261,21
M,1980,Ski Jumping,55,1,3,2,92,98,6
M,1980,Speed Skating,74,6,5,5,152,168,16
M,1980,Swimming,190,21,24,23,368,436,68
M,1980,Volleyball,114,10,12,12,80,114,34
M,1980,Water Polo,132,11,11,11,99,132,33
M,1980,Weightlifting,172,10,10,10,142,172,30
M,1980,Wrestling,266,20,20,20,210,270,60
M,1984,Alpine Skiing,149,3,3,3,261,270,9
M,1984,Archery,62,1,1,1,59,62,3
M,1984,Athletics,895,31,31,32,1073,1167,94
M,1984,Basketball,142,12,12,12,106,142,36
M,1984,Biathlon,95,6,6,6,177,195,18
M,1984,Bobsleigh,111,6,6,6,134,152,18
M,1984,Boxing,354,24,12,12,306,354,48
M,1984,Canoeing,158,16,16,16,192,240,48
M,1984,Cross Country Skiing,114,7,7,7,264,285,21
M,1984,Cycling,314,13,14,13,390,430,40
M,1984,Diving,45,2,2,2,50,56,6
M,1984,Equestrianism,110,8,7,10,168,193,25
M,1984,Fencing,202,18,18,18,280,334,54
M,1984,Figure Skating,57,3,3,3,48,57,9
M,1984,Football,246,17,16,16,197,246,49
M,1984,Gymnastics,71,13,14,15,509,551,42
M,1984,Handball,177,15,15,14,133,177,44
M,1984,Hockey,190,15,16,16,143,190,47
M,1984,Ice Hockey,239,20,20,20,179,239,60
M,1984,Judo,212,16,8,8,180,212,32
M,1984,Luge,54,3,3,3,53,62,9
M,1984,Modern Pentathlon,52,4,4,4,91,103,12
M,1984,Nordic Combined,28,1,1,1,25,28,3
M,1984,Rowing,286,30,30,30,196,286,90
M,1984,Sailing,297,13,13,13,258,297,39
M,1984,Shooting,383,8,8,8,423,447,24
M,1984,Ski Jumping,65,2,2,2,105,111,6
M,1984,Speed Skating,87,5,5,5,184,199,15
M,1984,Swimming,304,28,25,32,678,763,85
M,1984,Volleyball,118,12,12,12,82,118,36
M,1984,Water Polo,153,12,13,13,115,153,38
M,1984,Weightlifting,186,10,10,10,156,186,30
M,1984,Wrestling,267,20,20,20,226,286,60
M,1988,Alpine Skiing,177,5,5,5,412,427,15
M,1988,Archery,84,4,4,4,138,150,12
M,1988,Athletics,1063,33,33,32,1226,1324,98
M,1988,Basketball,143,12,12,12,107,143,36
M,1988,Biathlon,90,6,6,6,189,207,18
M,1988,Bobsleigh,135,6,6,6,168,186,18
M,1988,Boxing,432,24,12,12,384,432,48
M,1988,Canoeing,211,16,16,16,243,291,48
M,1988,Cross Country Skiing,121,7,7,7,297,318,21
M,1988,Cycling,358,14,14,14,411,453,42
M,1988,Diving,49,2,2,2,55,61,6
M,1988,Equestrianism,128,7,9,11,198,225,27
M,1988,Fencing,248,18,18,18,347,401,54
M,1988,Figure Skating,63,3,3,3,54,63,9
M,1988,Football,270,18,16,18,218,270,52
M,1988,Gymnastics,89,14,10,17,654,695,41
M,1988,Handball,170,15,13,14,128,170,42
M,1988,Hockey,190,16,16,16,142,190,48
M,1988,Ice Hockey,265,22,22,21,200,265,65
M,1988,Judo,243,14,7,7,215,243,28
M,1988,Luge,66,3,3,3,65,74,9
M,1988,Modern Pentathlon,65,4,4,4,110,122,12
M,1988,Nordic Combined,44,4,4,4,63,75,12
M,1988,Rowing,399,30,31,30,318,409,91
M,1988,Sailing,329,13,13,13,290,329,39
M,1988,Shooting,285,9,9,9,354,381,27
M,1988,Ski Jumping,65,6,6,6,139,157,18
M,1988,Speed Skating,88,5,5,5,172,187,15
M,1988,Swimming,376,31,28,32,851,942,91
M,1988,Table Tennis,81,3,3,3,119,128,9
M,1988,Tennis,81,6,3,3,114,126,12
M,1988,Volleyball,144,12,12,12,108,144,36
M,1988,Water Polo,156,13,13,13,117,156,39
M,1988,Weightlifting,226,10,10,10,196,226,30
M,1988,Wrestling,429,20,20,20,397,457,60
M,1992,Alpine Skiing,210,5,5,5,474,489,15
M,1992,Archery,75,4,4,4,123,135,12
M,1992,Athletics,1104,34,31,33,1197,1295,98
M,1992,Badminton,91,6,3,3,100,112,12
M,1992,Baseball,160,20,20,20,100,160,60
M,1992,Basketball,142,12,12,12,106,142,36
M,1992,Biathlon,116,6,6,6,254,272,18
M,1992,Bobsleigh,159,6,6,6,198,216,18
M,1992,Boxing,336,24,12,12,288,336,48
M,1992,Canoeing,335,20,20,20,385,445,60
M,1992,Cross Country Skiing,139,8,7,5,415,435,20
M,1992,Cycling,376,14,13,14,439,480,41
M,1992,Diving,46,2,2,2,49,55,6
M,1992,Equestrianism,148,13,9,10,249,281,32
M,1992,Fencing,232,18,18,18,294,348,54
M,1992,Figure Skating,67,3,3,3,58,67,9
M,1992,Football,272,20,16,17,219,272,53
M,1992,Freestyle Skiing,47,1,1,1,44,47,3
M,1992,Gymnastics,93,14,14,14,681,723,42
M,1992,Handball,179,16,16,12,135,179,44
M,1992,Hockey,189,16,16,16,141,189,48
M,1992,Ice Hockey,267,22,22,22,201,267,66
M,1992,Judo,269,14,7,7,241,269,28
M,1992,Luge,65,3,3,3,65,74,9
M,1992,Modern Pentathlon,66,4,4,4,105,117,12
M,1992,Nordic Combined,46,4,4,4,66,78,12
M,1992,Rowing,437,30,30,30,360,450,90
M,1992,Sailing,355,13,13,13,316,355,39
M,1992,Shooting,289,9,9,8,358,384,26
M,1992,Short Track Speed Skating,44,5,6,5,49,65,16
M,1992,Ski Jumping,63,6,6,6,153,171,18
M,1992,Speed Skating,95,5,5,5,186,201,15
M,1992,Swimming,382,30,30,33,853,946,93
M,1992,Table Tennis,80,6,3,3,112,124,12
M,1992,Tennis,90,6,3,3,112,124,12
M,1992,Volleyball,142,12,12,12,106,142,36
M,1992,Water Polo,152,13,12,12,115,152,37
M,1992,Weightlifting,244,9,10,10,215,244,29
M,1992,Wrestling,370,20,20,20,311,371,60
M,1994,Alpine Skiing,140,5,5,5,283,298,15
M,1994,Biathlon,99,6,6,6,192,210,18
M,1994,Bobsleigh,155,6,6,6,189,207,18
M,1994,Cross Country Skiing,117,8,6,6,339,359,20
M,1994,Figure Skating,63,3,3,3,55,64,9
M,1994,Freestyle Skiing,52,2,2,2,47,53,6
M,1994,Ice Hockey,268,22,21,22,203,268,65
M,1994,Luge,67,3,3,3,64,73,9
M,1994,Nordic Combined,53,4,4,4,77,89,12
M,1994,Short Track Speed Skating,46,6,6,6,77,95,18
M,1994,Ski Jumping,68,6,6,6,146,164,18
M,1994,Speed Skating,89,5,5,5,160,175,15
M,1996,Archery,64,4,4,4,97,109,12
M,1996,Athletics,1301,32,33,32,1392,1489,97
M,1996,Badminton,96,4,4,4,118,130,12
M,1996,Baseball,160,20,20,20,100,160,60
M,1996,Basketball,141,11,12,12,106,141,35
M,1996,Beach Volleyball,48,2,2,2,42,48,6
M,1996,Boxing,355,24,12,12,307,355,48
M,1996,Canoeing,330,20,20,20,358,418,60
M,1996,Cycling,366,12,11,11,390,424,34
M,1996,Diving,66,2,2,2,70,76,6
M,1996,Equestrianism,153,11,6,10,214,241,27
M,1996,Fencing,136,12,13,12,197,234,37
M,1996,Football,264,17,18,16,213,264,51
M,1996,Gymnastics,111,15,15,14,777,821,44
M,1996,Handball,182,16,16,16,134,182,48
M,1996,Hockey,192,16,16,16,144,192,48
M,1996,Judo,236,14,7,7,208,236,28
M,1996,Modern Pentathlon,32,1,1,1,29,32,3
M,1996,Rowing,403,28,28,28,321,405,84
M,1996,Sailing,355,12,12,12,319,355,36
M,1996,Shooting,293,10,10,10,395,425,30
M,1996,Swimming,413,29,30,32,729,820,91
M,1996,Table Tennis,85,3,3,3,117,126,9
M,1996,Tennis,93,3,3,3,117,126,9
M,1996,Volleyball,141,12,12,12,105,141,36
M,1996,Water Polo,153,13,12,12,116,153,37
M,1996,Weightlifting,243,10,10,10,213,243,30
M,1996,Wrestling,401,20,20,20,341,401,60
M,1998,Alpine Skiing,141,4,6,5,238,253,15
M,1998,Biathlon,96,6,6,6,199,217,18
M,1998,Bobsleigh,156,10,4,8,182,204,22
M,1998,Cross Country Skiing,125,8,7,5,373,393,20
M,1998,Curling,40,5,5,5,25,40,15
M,1998,Figure Skating,73,3,3,3,64,73,9
M,1998,Freestyle Skiing,58,2,2,2,52,58,6
M,1998,Ice Hockey,306,22,22,21,241,306,65
M,1998,Luge,64,3,3,3,59,68,9
M,1998,Nordic Combined,53,5,5,5,77,92,15
M,1998,Short Track Speed Skating,49,6,6,6,76,94,18
M,1998,Ski Jumping,68,6,6,6,158,176,18
M,1998,Snowboarding,69,2,2,2,64,70,6
M,1998,Speed Skating,92,5,5,5,162,177,15
M,2000,Archery,64,4,4,4,94,106,12
M,2000,Athletics,1257,31,33,34,1339,1437,98
M,2000,Badminton,86,4,4,4,94,106,12
M,2000,Baseball,192,24,24,24,120,192,72
M,2000,Basketball,144,12,12,12,108,144,36
M,2000,Beach Volleyball,48,2,2,2,42,48,6
M,2000,Boxing,307,24,12,12,259,307,48
M,2000,Canoeing,249,20,20,20,285,345,60
M,2000,Cycling,341,17,17,18,401,453,52
M,2000,Diving,80,6,6,6,105,123,18
M,2000,Equestrianism,128,9,8,10,168,195,27
M,2000,Fencing,134,13,13,14,175,215,40
M,2000,Football,267,17,17,18,215,267,52
M,2000,Gymnastics,97,13,13,13,603,642,39
M,2000,Handball,177,15,15,15,132,177,45
M,2000,Hockey,191,16,16,16,143,191,48
M,2000,Judo,237,14,7,7,209,237,28
M,2000,Modern Pentathlon,24,1,1,1,21,24,3
M,2000,Rowing,363,28,28,28,283,367,84
M,2000,Sailing,304,14,14,14,262,304,42
M,2000,Shooting,262,10,10,10,344,374,30
M,2000,Swimming,553,26,32,33,890,981,91
M,2000,Table Tennis,86,3,3,3,127,136,9
M,2000,Taekwondo,54,4,4,4,42,54,12
M,2000,Tennis,93,3,3,3,113,122,9
M,2000,Trampolining,12,1,1,1,9,12,3
M,2000,Triathlon,52,1,1,1,49,52,3
M,2000,Volleyball,141,12,12,11,106,141,35
M,2000,Water Polo,153,13,12,13,115,153,38
M,2000,Weightlifting,161,8,8,8,137,161,24
M,2000,Wrestling,314,16,16,16,266,314,48
M,2002,Alpine Skiing,157,5,5,5,296,311,15
M,2002,Biathlon,102,7,7,7,286,307,21
M,2002,Bobsleigh,165,6,6,6,192,210,18
M,2002,Cross Country Skiing,153,9,8,10,393,420,27
M,2002,Curling,49,5,5,5,34,49,15
M,2002,Figure Skating,72,3,2,4,63,72,9
M,2002,Freestyle Skiing,55,2,2,2,49,55,6
M,2002,Ice Hockey,312,21,23,22,246,312,66
M,2002,Luge,81,3,3,3,79,88,9
M,2002,Nordic Combined,54,6,6,6,107,125,18
M,2002,Short Track Speed Skating,60,8,8,8,107,131,24
M,2002,Skeleton,26,1,1,1,23,26,3
M,2002,Ski Jumping,73,6,6,6,160,178,18
M,2002,Snowboarding,65,2,2,2,59,65,6
M,2002,Speed Skating,95,5,5,5,163,178,15
M,2004,Archery,64,4,4,4,91,103,12
M,2004,Athletics,1078,30,30,32,1081,1173,92
M,2004,Badminton,88,4,4,4,86,98,12
M,2004,Baseball,191,24,24,24,119,191,72
M,2004,Basketball,144,12,12,12,108,144,36
M,2004,Beach Volleyball,48,2,2,2,42,48,6
M,2004,Boxing,280,22,11,11,236,280,44
M,2004,Canoeing,234,20,20,20,262,322,60
M,2004,Cycling,334,17,19,19,391,446,55
M,2004,Diving,64,6,6,6,79,97,18
M,2004,Equestrianism,137,8,9,12,224,253,29
M,2004,Fencing,129,14,14,13,163,204,41
M,2004,Football,259,17,17,16,209,259,50
M,2004,Gymnastics,98,13,13,13,605,644,39
M,2004,Handball,179,14,15,15,135,179,44
M,2004,Hockey,192,16,16,16,144,192,48
M,2004,Judo,227,14,7,7,199,227,28
M,2004,Modern Pentathlon,32,1,1,1,29,32,3
M,2004,Rowing,364,28,28,28,280,364,84
M,2004,Sailing,260,11,11,11,228,261,33
M,2004,Shooting,252,10,10,10,328,358,30
M,2004,Swimming,542,30,30,31,790,881,91
M,2004,Table Tennis,86,3,3,3,119,128,9
M,2004,Taekwondo,64,4,4,4,52,64,12
M,2004,Tennis,87,3,3,3,115,124,9
M,2004,Trampolining,16,1,1,1,13,16,3
M,2004,Triathlon,49,1,1,1,46,49,3
M,2004,Volleyball,143,12,12,12,107,143,36
M,2004,Water Polo,154,13,12,13,116,154,38
M,2004,Weightlifting,164,8,8,8,140,164,24
M,2004,Wrestling,292,14,14,14,250,292,42
M,2006,Alpine Skiing,168,5,5,5,337,352,15
M,2006,Biathlon,107,8,8,8,309,333,24
M,2006,Bobsleigh,118,6,6,6,141,159,18
M,2006,Cross Country Skiing,183,10,10,10,416,446,30
M,2006,Curling,45,4,4,5,32,45,13
M,2006,Figure Skating,74,3,3,3,65,74,9
M,2006,Freestyle Skiing,63,2,2,2,57,63,6
M,2006,Ice Hockey,282,24,23,24,211,282,71
M,2006,Luge,78,3,3,3,69,78,9
M,2006,Nordic Combined,59,6,6,6,120,138,18
M,2006,Short Track Speed Skating,54,7,8,8,93,116,23
M,2006,Skeleton,27,1,1,1,24,27,3
M,2006,Ski Jumping,79,6,6,6,184,202,18
M,2006,Snowboarding,108,3,3,3,102,111,9
M,2006,Speed Skating,97,10,10,9,170,199,29
M,2008,Archery,64,4,4,4,88,100,12
M,2008,Athletics,1081,30,32,33,1080,1175,95
M,2008,Badminton,85,4,4,4,75,87,12
M,2008,Baseball,191,24,24,24,119,191,72
M,2008,Basketball,144,12,12,12,108,144,36
M,2008,Beach Volleyball,48,2,2,2,42,48,6
M,2008,Boxing,283,22,11,11,239,283,44
M,2008,Canoeing,235,20,20,20,256,316,60
M,2008,Cycling,361,18,19,17,414,468,54
M,2008,Diving,67,6,6,6,73,91,18
M,2008,Equestrianism,120,5,7,8,189,209,20
M,2008,Fencing,118,11,11,9,137,168,31
M,2008,Football,274,17,16,18,223,274,51
M,2008,Gymnastics,98,13,13,13,522,561,39
M,2008,Handball,172,14,14,15,129,172,43
M,2008,Hockey,196,17,16,17,146,196,50
M,2008,Judo,230,14,7,7,202,230,28
M,2008,Modern Pentathlon,36,1,1,1,33,36,3
M,2008,Rowing,364,28,28,28,281,365,84
M,2008,Sailing,258,11,11,11,225,258,33
M,2008,Shooting,244,9,9,9,335,362,27
M,2008,Swimming,568,32,33,36,817,918,101
M,2008,Table Tennis,83,4,4,4,108,120,12
M,2008,Taekwondo,63,8,4,4,47,63,16
M,2008,Tennis,86,3,3,3,119,128,9
M,2008,Trampolining,16,1,1,1,13,16,3
M,2008,Triathlon,55,1,1,1,52,55,3
M,2008,Volleyball,143,12,12,12,107,143,36
M,2008,Water Polo,153,13,13,13,114,153,39
M,2008,Weightlifting,166,8,8,8,142,166,24
M,2008,Wrestling,277,27,14,14,222,277,55
M,2010,Alpine Skiing,176,5,5,5,366,381,15
M,2010,Biathlon,105,7,9,8,318,342,24
M,2010,Bobsleigh,117,6,6,6,139,157,18
M,2010,Cross Country Skiing,163,10,10,10,344,374,30
M,2010,Curling,47,4,4,5,34,47,13
M,2010,Figure Skating,73,3,3,3,64,73,9
M,2010,Freestyle Skiing,87,3,3,3,78,87,9
M,2010,Ice Hockey,260,22,22,22,194,260,66
M,2010,Luge,78,3,3,3,69,78,9
M,2010,Nordic Combined,52,6,6,6,113,131,18
M,2010,Short Track Speed Skating,54,8,8,8,113,137,24
M,2010,Skeleton,28,1,1,1,25,28,3
M,2010,Ski Jumping,68,6,6,6,152,170,18
M,2010,Snowboarding,104,3,3,3,95,104,9
M,2010,Speed Skating,94,9,9,8,160,186,26
M,2012,Archery,64,4,4,4,88,100,12
M,2012,Athletics,1087,32,31,31,1086,1180,94
M,2012,Badminton,85,4,4,4,75,87,12
M,2012,Basketball,144,12,12,12,108,144,36
M,2012,Beach Volleyball,48,2,2,2,42,48,6
M,2012,Boxing,247,20,10,10,207,247,40
M,2012,Canoeing,221,18,18,18,211,265,54
M,2012,Cycling,321,16,14,14,343,387,44
M,2012,Diving,68,6,6,6,75,93,18
M,2012,Equestrianism,122,9,6,10,193,218,25
M,2012,Fencing,121,11,11,11,138,171,33
M,2012,Football,267,18,18,16,215,267,52
M,2012,Gymnastics,98,12,12,12,430,466,36
M,2012,Handball,176,15,14,15,132,176,44
M,2012,Hockey,196,16,17,16,147,196,49
M,2012,Judo,231,14,7,7,203,231,28
M,2012,Modern Pentathlon,36,1,1,1,33,36,3
M,2012,Rowing,353,28,28,28,269,353,84
M,2012,Sailing,236,9,9,9,209,236,27
M,2012,Shooting,231,9,9,9,304,331,27
M,2012,Swimming,479,30,33,35,661,759,98
M,2012,Table Tennis,83,4,4,4,100,112,12
M,2012,Taekwondo,64,8,4,4,48,64,16
M,2012,Tennis,95,4,4,4,132,144,12
M,2012,Trampolining,16,1,1,1,13,16,3
M,2012,Triathlon,55,1,1,1,52,55,3
M,2012,Volleyball,144,12,12,12,108,144,36
M,2012,Water Polo,155,13,13,13,116,155,39
M,2012,Weightlifting,149,8,8,8,125,149,24
M,2012,Wrestling,263,28,14,14,207,263,56
M,2014,Alpine Skiing,184,6,5,5,368,384,16
M,2014,Biathlon,105,10,10,10,343,373,30
M,2014,Bobsleigh,133,6,6,6,166,184,18
M,2014,Cross Country Skiing,173,10,10,10,387,417,30
M,2014,Curling,44,4,4,4,32,44,12
M,2014,Figure Skating,75,7,8,8,87,110,23
M,2014,Freestyle Skiing,139,5,5,5,126,141,15
M,2014,Ice Hockey,285,24,23,24,214,285,71
M,2014,Luge,77,6,6,6,95,113,18
M,2014,Nordic Combined,54,6,6,6,110,128,18
M,2014,Short Track Speed Skating,56,7,7,7,114,135,21
M,2014,Skeleton,27,1,1,1,24,27,3
M,2014,Ski Jumping,66,6,6,6,152,170,18
M,2014,Snowboarding,134,5,5,5,155,170,15
M,2014,Speed Skating,94,8,8,8,163,187,24
M,2016,Archery,64,4,4,4,88,100,12
M,2016,Athletics,1184,32,31,34,1202,1299,97
M,2016,Badminton,85,4,4,4,76,88,12
M,2016,Basketball,141,12,12,12,105,141,36
M,2016,Beach Volleyball,48,2,2,2,42,48,6
M,2016,Boxing,247,20,9,10,208,247,39
M,2016,Canoeing,218,19,18,18,224,279,55
M,2016,Cycling,321,15,15,14,356,400,44
M,2016,Diving,68,6,6,6,71,89,18
M,2016,Equestrianism,125,10,7,10,197,224,27
M,2016,Fencing,121,11,11,10,140,172,32
M,2016,Football,270,18,17,17,218,270,52
M,2016,Golf,60,1,1,1,57,60,3
M,2016,Gymnastics,98,12,12,12,442,478,36
M,2016,Handball,177,15,15,14,133,177,44
M,2016,Hockey,196,16,16,18,146,196,50
M,2016,Judo,237,14,7,7,209,237,28
M,2016,Modern Pentathlon,36,1,1,1,33,36,3
M,2016,Rowing,331,28,28,28,247,331,84
M,2016,Rugby Sevens,151,13,12,13,113,151,38
M,2016,Sailing,214,8,8,8,190,214,24
M,2016,Shooting,239,9,9,9,314,341,27
M,2016,Swimming,502,27,31,35,709,802,93
M,2016,Table Tennis,84,4,4,4,104,116,12
M,2016,Taekwondo,62,8,4,4,46,62,16
M,2016,Tennis,105,4,4,4,131,143,12
M,2016,Trampolining,16,1,1,1,13,16,3
M,2016,Triathlon,55,1,1,1,52,55,3
M,2016,Volleyball,141,12,12,12,105,141,36
M,2016,Water Polo,154,13,13,13,115,154,39
M,2016,Weightlifting,152,8,8,8,128,152,24
M,2016,Wrestling,234,24,12,12,186,234,48
